1.876938343048095703e+00
1.807738304138183594e+00
1.811550617218017578e+00
2.011608123779296875e+00
1.697352170944213867e+00
1.730214834213256836e+00
1.950291872024536133e+00
2.191135406494140625e+00
2.223579168319702148e+00
2.399292945861816406e+00
2.199353218078613281e+00
2.072849035263061523e+00
1.534141778945922852e+00
2.362502574920654297e+00
2.024068117141723633e+00
1.840092301368713379e+00
1.885326862335205078e+00
1.697236299514770508e+00
1.305683374404907227e+00
1.722121715545654297e+00
2.289172172546386719e+00
1.701506257057189941e+00
1.624148607254028320e+00
2.027840137481689453e+00
1.991167545318603516e+00
1.566941142082214355e+00
2.407344818115234375e+00
2.170937061309814453e+00
1.917713165283203125e+00
8.773833513259887695e-01
2.089068412780761719e+00
2.468615531921386719e+00
2.003687620162963867e+00
1.501614570617675781e+00
2.966517210006713867e+00
2.064717292785644531e+00
2.276738643646240234e+00
1.848319768905639648e+00
1.758658647537231445e+00
1.424119591712951660e+00
2.158563613891601562e+00
2.329891204833984375e+00
1.852532625198364258e+00
2.558322429656982422e+00
2.774542331695556641e+00
1.158744215965270996e+00
1.693327426910400391e+00
1.975037574768066406e+00
1.983246088027954102e+00
2.015745162963867188e+00
2.044444084167480469e+00
1.725944280624389648e+00
2.717436552047729492e+00
1.681010246276855469e+00
1.938184142112731934e+00
2.562478065490722656e+00
1.469080924987792969e+00
1.464919090270996094e+00
2.068487405776977539e+00
1.750456333160400391e+00
1.721845388412475586e+00
1.742688059806823730e+00
1.697374820709228516e+00
1.725942730903625488e+00
1.211713314056396484e+00
1.248820424079895020e+00
2.538078784942626953e+00
1.730357646942138672e+00
1.730009436607360840e+00
1.885198116302490234e+00
2.211607456207275391e+00
2.375166416168212891e+00
2.023856878280639648e+00
2.121639251708984375e+00
1.514005303382873535e+00
1.627722144126892090e+00
2.436107158660888672e+00
8.935413956642150879e-01
2.068766117095947266e+00
2.068868637084960938e+00
1.656603217124938965e+00
1.624328017234802246e+00
2.219779729843139648e+00
1.313811898231506348e+00
2.423618793487548828e+00
2.015656709671020508e+00
2.317654609680175781e+00
2.186950206756591797e+00
1.672817707061767578e+00
2.069098472595214844e+00
1.546417355537414551e+00
1.942476272583007812e+00
1.693459153175354004e+00
1.322028875350952148e+00
2.244299888610839844e+00
1.342341542243957520e+00
1.750543117523193359e+00
1.684847116470336914e+00
1.819834828376770020e+00
1.277259588241577148e+00
1.489422559738159180e+00
1.852515339851379395e+00
1.824106097221374512e+00
1.770766496658325195e+00
2.652165889739990234e+00
1.611799955368041992e+00
1.770939350128173828e+00
1.738300323486328125e+00
-4.898030757904052734e-01
3.238704800605773926e-02
-1.272940874099731445e+00
-2.083536535501480103e-01
-4.407193362712860107e-01
1.304758787155151367e-01
-5.878052711486816406e-01
-8.000373244285583496e-01
8.554512262344360352e-02
-6.572556495666503906e-01
-1.103883087635040283e-01
-7.998541593551635742e-01
3.875707983970642090e-01
8.484457135200500488e-01
-7.916728258132934570e-01
-8.284869194030761719e-01
-5.224733352661132812e-01
-3.281468152999877930e-02
-5.633454918861389160e-01
-8.811949491500854492e-01
-3.551366925239562988e-01
6.933118402957916260e-02
1.058240532875061035e-01
-3.468454480171203613e-01
-2.817672193050384521e-01
-3.836831450462341309e-01
-5.426955223083496094e-01
-9.549936056137084961e-01
1.426048725843429565e-01
-6.531540751457214355e-01
-1.388739347457885742e-01
9.258732795715332031e-01
-3.185759484767913818e-01
3.059441745281219482e-01
-3.550166487693786621e-01
-4.000214338302612305e-01
1.852402210235595703e+00
-4.041215181350708008e-01
-5.836907625198364258e-01
-1.008074522018432617e+00
2.537957906723022461e+00
1.875226944684982300e-01
-2.571849822998046875e-01
-6.854258775711059570e-01
-1.309455931186676025e-01
-3.429392278194427490e-01
-1.919742822647094727e-01
2.529693603515625000e+00
-6.895146965980529785e-01
8.952760696411132812e-02
-6.693719625473022461e-01
-3.265157341957092285e-01
-3.796406090259552002e-01
-1.187376827001571655e-01
-4.613280892372131348e-01
5.704954266548156738e-02
-5.183304548263549805e-01
1.052352666854858398e+00
-1.593979150056838989e-01
-2.409433424472808838e-01
-2.041854858398437500e-01
1.018967032432556152e-01
-1.023360639810562134e-01
-5.995204448699951172e-01
-7.063464522361755371e-01
7.095390558242797852e-01
-3.551769554615020752e-01
-1.102084219455718994e-01
-5.183926820755004883e-01
-6.650226116180419922e-01
4.445534944534301758e-01
-1.592792272567749023e-01
-2.653335332870483398e-01
6.497150659561157227e-02
-1.633100211620330811e-01
-2.694573998451232910e-01
-3.267176747322082520e-01
-7.019730806350708008e-01
-9.796828031539916992e-02
2.773028612136840820e-01
-5.301696062088012695e-02
-9.590212106704711914e-01
-4.285171329975128174e-01
1.297704219818115234e+00
-2.937586903572082520e-01
-4.205859005451202393e-01
7.751199603080749512e-01
-2.079338133335113525e-01
-1.578972101211547852e+00
1.273245215415954590e+00
-1.505254030227661133e+00
7.016619443893432617e-01
4.246040582656860352e-01
-1.452622413635253906e+00
-1.958531618118286133e+00
3.468308448791503906e-01
6.283541917800903320e-01
2.122541815042495728e-01
2.463613450527191162e-02
1.293591260910034180e+00
-1.872941613197326660e+00
-1.578754663467407227e+00
-1.330014467239379883e+00
5.225088596343994141e-01
-1.146629095077514648e+00
7.222880721092224121e-01
4.511803388595581055e-02
-9.467791318893432617e-01
-1.081304073333740234e+00
-1.366531610488891602e+00
-1.807453751564025879e+00
-1.766474843025207520e+00
3.346741199493408203e-01
-1.493062734603881836e+00
-2.133793354034423828e+00
1.415612339973449707e+00
1.154916524887084961e+00
-1.701123476028442383e+00
-1.713538408279418945e+00
6.202602982521057129e-01
-1.554640531539916992e+00
-1.472825169563293457e+00
1.668682694435119629e+00
-1.987031817436218262e+00
-1.452662229537963867e+00
-2.015313148498535156e+00
8.855123519897460938e-01
3.222197294235229492e-01
6.407648921012878418e-01
6.039028167724609375e-01
5.349826812744140625e-01
-1.843975186347961426e+00
2.040812969207763672e-01
9.712638854980468750e-01
1.399388194084167480e+00
2.060582637786865234e+00
5.550860762596130371e-01
1.064946293830871582e+00
-1.142497956752777100e-01
4.366700351238250732e-01
7.510698437690734863e-01
6.567990779876708984e-01
-1.775176167488098145e+00
-1.823909282684326172e+00
9.509342908859252930e-01
-1.289061427116394043e+00
-1.595398902893066406e+00
-1.725975513458251953e+00
1.238200068473815918e-02
7.183117866516113281e-01
7.833369374275207520e-01
1.012338757514953613e+00
7.754335999488830566e-01
1.138361692428588867e+00
-1.350284218788146973e+00
5.960210561752319336e-01
9.873807430267333984e-01
-1.481072664260864258e+00
-1.823736548423767090e+00
9.750903844833374023e-01
-1.142626702785491943e-01
5.185265541076660156e-01
-1.836125850677490234e+00
-2.044200181961059570e+00
-1.962632179260253906e+00
9.671316146850585938e-01
5.755560398101806641e-01
-1.215677618980407715e+00
8.121778368949890137e-01
-1.289487600326538086e+00
7.713511586189270020e-01
-1.350294828414916992e+00
5.919396877288818359e-01
-1.701310634613037109e+00
8.445820808410644531e-01
-1.268901109695434570e+00
4.142716526985168457e-03
1.228327870368957520e+00
4.001024663448333740e-01
-1.129928946495056152e+00
1.267214864492416382e-02
6.976610422134399414e-01
1.085360527038574219e+00
-5.587962865829467773e-01
6.771776080131530762e-01
4.567458629608154297e-01
1.142769932746887207e+00
-1.081073760986328125e+00
7.672924399375915527e-01
-1.962197303771972656e+00
6.201781034469604492e-01
-1.832077503204345703e+00
-2.610784471035003662e-01
-1.660770058631896973e+00
5.509059429168701172e-01
-2.219718217849731445e+00
2.815417349338531494e-01
-5.629339218139648438e-01
-1.223831653594970703e+00
-1.635895013809204102e+00
-1.640086054801940918e+00
8.568222522735595703e-01
1.415786504745483398e+00
5.017436742782592773e-01
-7.426254153251647949e-01
-1.672745704650878906e+00
-1.823891043663024902e+00
3.386031150817871094e+00
-1.191461086273193359e+00
3.020111620426177979e-01
9.098894596099853516e-01
-1.391248941421508789e+00
4.695023298263549805e-01
1.122196674346923828e+00
-1.325762391090393066e+00
-1.599252462387084961e+00
-1.444184422492980957e+00
8.648776412010192871e-01
-1.880882263183593750e+00
2.823538064956665039e+00
1.558866262435913086e+00
-1.382999897003173828e+00
-1.179504156112670898e+00
1.285728454589843750e+00
7.588901519775390625e-01
1.024419426918029785e+00
8.729618787765502930e-01
-1.591067790985107422e+00
6.405746936798095703e-01
-9.138022661209106445e-01
-1.264724016189575195e+00
6.366783976554870605e-01
1.338116288185119629e+00
-1.725721240043640137e+00
-1.599428534507751465e+00
1.077364444732666016e+00
-1.018071398138999939e-01
-1.505511999130249023e+00
-1.297520160675048828e+00
-1.636262416839599609e+00
-1.738041996955871582e+00
-1.668615579605102539e+00
-1.391515970230102539e+00
-1.582811951637268066e+00
-1.248483657836914062e+00
-1.762674331665039062e+00
-1.362856626510620117e+00
-1.848050832748413086e+00
1.122465372085571289e+00
9.957014918327331543e-01
-1.587120056152343750e+00
2.978721857070922852e-01
-1.730052471160888672e+00
-1.974939465522766113e+00
4.814813435077667236e-01
7.141484618186950684e-01
6.532555818557739258e-02
7.223504185676574707e-01
-1.444268226623535156e+00
1.387260079383850098e+00
-1.905062198638916016e+00
9.057643413543701172e-01
4.038442373275756836e-01
-1.252547025680541992e+00
-1.480757951736450195e+00
-1.774636268615722656e+00
-2.772968113422393799e-01
2.811163425445556641e+00
9.342693090438842773e-01
-1.118191003799438477e+00
-1.505470514297485352e+00
7.139323949813842773e-01
8.978065848350524902e-02
-1.395217657089233398e+00
-1.844569325447082520e+00
8.365450501441955566e-01
-8.200203180313110352e-01
2.528991699218750000e-01
1.734303951263427734e+00
-1.738102436065673828e+00
8.488594293594360352e-01
-1.542421579360961914e+00
-1.007570981979370117e+00
2.203321307897567749e-01
-1.664703965187072754e+00
-1.701220750808715820e+00
-1.321920871734619141e+00
-1.652248620986938477e+00
2.329947948455810547e+00
-6.133000552654266357e-02
-9.219071865081787109e-01
8.202073574066162109e-01
1.073036074638366699e+00
-1.713423848152160645e+00
8.814247846603393555e-01
-4.060727357864379883e-02
1.897382736206054688e+00
9.507168531417846680e-01
-2.405788302421569824e-01
3.794001340866088867e-01
-1.513720512390136719e+00
6.691180467605590820e-01
-1.212075352668762207e+00
-1.203685283660888672e+00
1.110131978988647461e+00
-1.892917513847351074e+00
-4.886890202760696411e-02
-1.819591999053955078e+00
2.460750937461853027e-02
-1.669335216283798218e-01
1.643019914627075195e-02
-2.326315492391586304e-01
3.426661491394042969e-01
7.264043092727661133e-01
4.368227422237396240e-01
8.037194013595581055e-01
-2.354162931442260742e+00
-7.140096426010131836e-01
-1.093548893928527832e+00
-1.619545817375183105e+00
-4.162272810935974121e-01
1.184628605842590332e-01
3.551713824272155762e-01
-1.770759463310241699e+00
-7.779000699520111084e-02
-1.726109504699707031e+00
-1.509827077388763428e-01
-1.578794240951538086e+00
1.592309772968292236e-01
8.569252490997314453e-01
9.100966453552246094e-01
-3.184967041015625000e-01
5.670759081840515137e-01
4.447345137596130371e-01
4.611524045467376709e-01
3.656309843063354492e-02
3.302980661392211914e-01
9.375268220901489258e-02
-1.240422487258911133e+00
2.487162500619888306e-01
-2.040141820907592773e-02
1.018793880939483643e-01
1.113908529281616211e+00
1.113983511924743652e+00
6.444689631462097168e-01
9.015766382217407227e-01
-1.713706851005554199e+00
-1.266107857227325439e-01
-4.023224115371704102e-03
-6.516818702220916748e-02
-5.836002826690673828e-01
3.510158061981201172e-01
2.081319689750671387e-01
6.503029167652130127e-02
-1.631998062133789062e+00
-1.717609047889709473e+00
1.616629958152770996e-02
-2.205846309661865234e-01
-2.404978722333908081e-01
-7.222070097923278809e-01
-3.507903814315795898e-01
-1.815567493438720703e+00
2.613025605678558350e-01
-1.264638900756835938e-01
-2.007421016693115234e+00
1.221258938312530518e-02
-1.833937168121337891e-01
-7.423564195632934570e-01
3.102528154850006104e-01
-2.571730613708496094e-01
-6.650933027267456055e-01
-1.738090515136718750e+00
-1.465852409601211548e-01
1.718069791793823242e+00
-7.914931774139404297e-01
2.121777534484863281e-01
-1.403375864028930664e+00
9.632117152214050293e-01
-1.595377445220947266e+00
1.828007459640502930e+00
1.019264906644821167e-01
-1.215790629386901855e+00
1.141066849231719971e-01
-2.284821867942810059e-01
-5.427250862121582031e-01
4.567390978336334229e-01
-4.326542019844055176e-01
1.317845940589904785e+00
1.097739934921264648e+00
4.976169168949127197e-01
5.344595909118652344e-01
6.947743892669677734e-02
-9.588721990585327148e-01
-9.383221864700317383e-01
-1.884664058685302734e+00
2.939097583293914795e-01
-1.558412551879882812e+00
-1.599282503128051758e+00
-2.366546392440795898e-01
4.860373735427856445e-01
-1.668728828430175781e+00
2.895079553127288818e-01
-1.501080274581909180e+00
1.509097814559936523e-01
-9.792324900627136230e-02
-2.256284952163696289e+00
1.277248263359069824e+00
-1.648133277893066406e+00
-1.589778959751129150e-01
-4.246193766593933105e-01
5.297428369522094727e-02
1.268946170806884766e+00
4.814369678497314453e-01
-7.305047512054443359e-01
4.651437103748321533e-01
9.302823543548583984e-01
-1.958112120628356934e-01
-1.796888560056686401e-01
-1.917470335960388184e+00
7.710553407669067383e-01
-1.467241197824478149e-01
1.428776979446411133e-01
-1.583077788352966309e+00
1.670024245977401733e-01
5.345970392227172852e-01
-3.142830133438110352e-01
9.304739832878112793e-01
-1.344535201787948608e-01
-2.028194427490234375e+00
7.019203901290893555e-01
-4.203919470310211182e-01
1.835452914237976074e-01
-1.150262117385864258e+00
-1.552278995513916016e-01
4.651731848716735840e-01
-1.142987608909606934e-01
-2.125589370727539062e+00
-2.068493843078613281e+00
1.811696290969848633e+00
-9.018114805221557617e-01
-1.591076850891113281e+00
-5.017852187156677246e-01
-2.190789461135864258e+00
-3.181887567043304443e-01
-6.160799264907836914e-01
9.874364733695983887e-01
3.345748484134674072e-01
-1.158756852149963379e+00
-1.342390298843383789e+00
-7.183278799057006836e-01
4.121384620666503906e-01
9.395012259483337402e-02
-2.774615585803985596e-01
-1.550507068634033203e+00
-1.664536356925964355e+00
1.007644176483154297e+00
-2.650916278362274170e-01
2.162510901689529419e-01
-3.632517158985137939e-01
7.754701375961303711e-02
4.903745651245117188e-02
3.876551091670989990e-01
-1.349229812622070312e-01
9.181272983551025391e-01
1.077328801155090332e+00
7.956274151802062988e-01
9.364694356918334961e-02
-5.098928213119506836e-01
1.917496323585510254e-01
-1.632060110569000244e-02
-8.168019354343414307e-03
-3.141920566558837891e-01
-1.652561902999877930e+00
4.527486860752105713e-01
2.856717407703399658e-01
-7.221745848655700684e-01
-1.945934057235717773e+00
-1.085139274597167969e+00
-1.946101188659667969e+00
-1.325875401496887207e+00
-1.664421796798706055e+00
2.734204530715942383e-01
-3.680591285228729248e-02
-7.753091305494308472e-02
-1.725663423538208008e+00
-2.839060127735137939e-02
4.163161814212799072e-01
-3.681026399135589600e-02
-1.030266284942626953e-04
2.366201877593994141e-01
1.917741298675537109e-01
-1.546312093734741211e+00
-1.839969635009765625e+00
-1.513836979866027832e+00
6.695052981376647949e-01
3.246366977691650391e-04
-1.766462087631225586e+00
1.018415689468383789e-01
-1.020250022411346436e-01
4.282625913619995117e-01
-1.501623153686523438e+00
-1.554562807083129883e+00
5.672651529312133789e-01
1.207746386528015137e+00
1.987097263336181641e+00
4.285235404968261719e-01
-3.468495607376098633e-01
-1.284844875335693359e+00
2.282787561416625977e-01
9.263840913772583008e-01
1.632126569747924805e-01
2.409942150115966797e-01
-2.735757827758789062e-01
-1.668594837188720703e+00
1.142182797193527222e-01
1.100159883499145508e-01
7.263358831405639648e-01
-3.959036767482757568e-01
-1.415804386138916016e+00
-1.619803190231323242e+00
2.206222265958786011e-01
2.236347198486328125e+00
4.077512025833129883e-02
1.089523792266845703e+00
-2.040547728538513184e-01
2.081127166748046875e-01
-2.366470992565155029e-01
-1.513910293579101562e+00
-1.551295220851898193e-01
-4.979782700538635254e-01
4.978878796100616455e-01
2.432596683502197266e-02
7.999212145805358887e-01
-1.623577117919921875e+00
4.080127477645874023e-01
-3.221961259841918945e-01
-1.783016324043273926e+00
-1.238019764423370361e-02
-1.099897623062133789e-01
7.628376483917236328e-01
1.836024075746536255e-01
2.325551211833953857e-01
1.796555519104003906e-01
-7.548010349273681641e-01
-3.222479522228240967e-01
1.689302682876586914e+00
9.019843935966491699e-01
-1.472935676574707031e+00
5.508967638015747070e-01
-5.295443534851074219e-02
2.976743578910827637e-01
-1.558252096176147461e+00
6.651241779327392578e-01
-1.481094121932983398e+00
4.109320044517517090e-02
2.530017495155334473e-01
-1.517641663551330566e+00
-1.607324004173278809e+00
-1.505559444427490234e+00
2.406727969646453857e-01
1.875097453594207764e-01
2.857246398925781250e-01
1.061340570449829102e-01
-1.191172599792480469e+00
1.673197746276855469e-01
2.490728348493576050e-01
1.024351954460144043e+00
3.630507588386535645e-01
1.429447531700134277e-01
-1.525807499885559082e+00
-1.725646734237670898e+00
-1.056667685508728027e+00
-1.306674778461456299e-01
-1.627605676651000977e+00
2.897147536277770996e-01
-2.323624193668365479e-01
-1.660497307777404785e+00
-1.566610693931579590e+00
4.078651070594787598e-01
1.467797756195068359e-01
6.734575629234313965e-01
-1.403634905815124512e+00
-2.121766954660415649e-01
-2.611450254917144775e-01
8.096247911453247070e-03
9.670548439025878906e-01
-1.897071599960327148e+00
-2.203172445297241211e+00
2.365791201591491699e-01
1.796645522117614746e-01
-1.366564035415649414e+00
1.281087398529052734e+00
-1.497285604476928711e+00
-8.583003282546997070e-02
-6.116583198308944702e-02
2.041186392307281494e-01
-1.782739400863647461e+00
-1.676777124404907227e+00
-1.533824682235717773e+00
-1.546368241310119629e+00
-7.914719581604003906e-01
8.977556228637695312e-01
-2.610006332397460938e-01
1.142940819263458252e-01
-1.472775220870971680e+00
4.897798597812652588e-02
-1.819523096084594727e+00
-1.399451255798339844e+00
7.999846339225769043e-01
-7.303380966186523438e-01
-6.488742232322692871e-01
-5.632697939872741699e-01
1.056715488433837891e+00
-1.762569427490234375e+00
6.121464967727661133e-01
7.423610091209411621e-01
-1.770738124847412109e+00
-2.776733636856079102e-01
-2.897928953170776367e-01
-1.803512454032897949e+00
3.793453872203826904e-01
-2.039788722991943359e+00
-7.739938050508499146e-02
9.629532098770141602e-01
6.893814802169799805e-01
1.403748989105224609e+00
8.690663576126098633e-01
5.997779965400695801e-01
4.851058125495910645e-01
2.816170454025268555e-01
6.894899606704711914e-01
-2.203148365020751953e+00
1.317951917648315430e+00
-1.305729150772094727e-01
-1.431965827941894531e+00
-7.056517601013183594e-01
-5.735540390014648438e-02
-6.551599502563476562e-02
-1.595396041870117188e+00
6.504553556442260742e-02
5.589629411697387695e-01
1.711953580379486084e-01
6.203392744064331055e-01
-1.226668059825897217e-01
-1.725832223892211914e+00
9.465837478637695312e-01
1.048797488212585449e+00
-7.750501632690429688e-01
4.480600357055664062e-02
-1.864748954772949219e+00
-2.054290100932121277e-02
1.225066184997558594e-01
-1.215758562088012695e+00
-1.921641469001770020e+00
2.211345434188842773e+00
1.792922914028167725e-01
-2.122395932674407959e-01
-5.141150951385498047e-01
6.569603681564331055e-01
-5.588930845260620117e-01
-1.362663984298706055e+00
4.281980097293853760e-01
-1.452354192733764648e+00
1.175226211547851562e+00
-7.710837721824645996e-01
-9.800559282302856445e-02
-2.442361414432525635e-02
-3.673983514308929443e-01
-6.241396665573120117e-01
-1.631581783294677734e-02
6.283116936683654785e-01
2.045863121747970581e-02
-1.497357964515686035e+00
-1.347447931766510010e-01
1.201625168323516846e-02
4.120848774909973145e-01
-2.085061550140380859e+00
-6.323448419570922852e-01
3.711963295936584473e-01
-1.562758922576904297e+00
-3.997188508510589600e-01
-1.624068021774291992e+00
2.448260545730590820e+00
-2.160609513521194458e-01
4.530211091041564941e-01
-1.933681607246398926e+00
-6.101357936859130859e-02
-1.379018306732177734e+00
6.495694816112518311e-02
4.464396834373474121e-02
-5.183415412902832031e-01
1.775071263313293457e+00
1.466936320066452026e-01
-5.959605574607849121e-01
-1.231596469879150391e+00
-1.232901215553283691e-02
-1.060856282711029053e-01
-1.150547027587890625e+00
-1.644369363784790039e+00
-5.548271536827087402e-01
4.938335418701171875e-01
-1.827801227569580078e+00
7.337482273578643799e-02
6.151431798934936523e-02
2.775306701660156250e-01
-4.854630231857299805e-01
-8.039622902870178223e-01
2.119584977626800537e-01
-1.990927815437316895e+00
-7.350245118141174316e-02
-1.998751163482666016e-01
-2.032624185085296631e-02
1.142627894878387451e-01
-1.880890011787414551e+00
-1.018996983766555786e-01
4.978134930133819580e-01
7.425034046173095703e-01
-1.073263883590698242e+00
4.609874486923217773e-01
2.079281210899353027e-01
-1.766764760017395020e+00
-2.117365837097167969e+00
-7.752447128295898438e-01
8.573234081268310547e-02
4.449387490749359131e-01
-5.308315157890319824e-02
-1.889127135276794434e+00
-1.387268543243408203e+00
-9.913541674613952637e-01
4.076264798641204834e-02
3.344979286193847656e-01
-1.224054694175720215e+00
1.633128523826599121e-02
-3.429442048072814941e-01
-1.664391517639160156e+00
3.059590160846710205e-01
6.080936193466186523e-01
-1.758242249488830566e+00
1.998247057199478149e-01
-1.915388107299804688e-01
1.917261779308319092e-01
-1.734001398086547852e+00
-1.962375879287719727e+00
-1.370639085769653320e+00
3.018574118614196777e-01
4.485574960708618164e-01
-3.796373009681701660e-01
4.732496142387390137e-01
2.489935159683227539e-01
-1.918247044086456299e-01
-7.465955018997192383e-01
-2.161970585584640503e-01
-1.415562987327575684e+00
8.182135969400405884e-02
-1.044564247131347656e+00
-3.632504343986511230e-01
2.080565094947814941e-01
-4.903870820999145508e-02
1.713093519210815430e-01
6.917767226696014404e-02
2.242675423622131348e-01
-6.528266668319702148e-01
-2.612974643707275391e-01
-1.195669293403625488e+00
-7.752682566642761230e-01
-1.676707744598388672e+00
1.011850714683532715e+00
-6.127026677131652832e-02
-2.979100644588470459e-01
2.056574583053588867e+00
4.243344068527221680e-01
-1.411843299865722656e+00
-1.917525887489318848e+00
3.875301480293273926e-01
-4.529162645339965820e-01
2.284891605377197266e-01
-5.142531991004943848e-01
1.125941991806030273e+00
1.345715224742889404e-01
7.744815945625305176e-02
-5.304235219955444336e-01
-6.611285209655761719e-01
-7.426118850708007812e-01
8.242579698562622070e-01
2.936161160469055176e-01
-9.796063601970672607e-02
1.069380044937133789e+00
-1.489189147949218750e+00
-4.090338945388793945e-03
1.428490281105041504e-01
-4.077990651130676270e-01
9.666633605957031250e-01
-2.693193256855010986e-01
5.721634626388549805e-02
-7.957112193107604980e-01
-6.586435437202453613e-02
4.533078074455261230e-01
1.876852214336395264e-01
2.408197671175003052e-01
8.159950375556945801e-01
-1.077313065528869629e+00
-6.529168039560317993e-02
3.590180277824401855e-01
5.507047176361083984e-01
-1.909591794013977051e+00
-2.489018440246582031e-01
2.978131473064422607e-01
4.694233536720275879e-01
5.426042079925537109e-01
5.678451061248779297e-02
2.044762670993804932e-02
6.936919689178466797e-02
-1.872795820236206055e+00
1.344912946224212646e-01
1.997802704572677612e-01
1.590170562267303467e-01
3.305484056472778320e-01
-1.427400112152099609e-01
-9.504519701004028320e-01
7.467062473297119141e-01
3.060210049152374268e-01
-1.297354698181152344e+00
-2.611805796623229980e-01
-1.325983524322509766e+00
8.528772592544555664e-01
-2.448666691780090332e-01
8.080810308456420898e-01
1.998823881149291992e-01
1.117985010147094727e+00
2.097115755081176758e+00
1.599548339843750000e+00
1.371166467666625977e+00
-3.386165797710418701e-01
-6.096473336219787598e-02
7.469445466995239258e-01
-4.854952692985534668e-01
5.017277598381042480e-01
4.693211913108825684e-01
2.444428205490112305e-02
1.591273844242095947e-01
-1.387388348579406738e+00
-4.889938235282897949e-02
-1.660423755645751953e+00
2.476681232452392578e+00
-1.701211690902709961e+00
7.364217936992645264e-02
1.211808085441589355e+00
-2.245957255363464355e-01
-2.224445343017578125e-04
-1.705252289772033691e+00
-1.831689715385437012e+00
-8.080732822418212891e-01
7.142710685729980469e-01
5.550596714019775391e-01
-9.393033385276794434e-02
-3.709962368011474609e-01
2.120340466499328613e-01
4.038382172584533691e-01
2.077147960662841797e+00
-1.028161406517028809e+00
2.449733018875122070e-01
-1.407361745834350586e+00
2.488993108272552490e-01
-1.794959455728530884e-01
5.427955389022827148e-01
-1.807483673095703125e+00
-3.140175342559814453e-01
-1.946242570877075195e+00
-1.631046086549758911e-01
8.138164877891540527e-02
-4.324486255645751953e-01
-1.407707929611206055e+00
-1.888979315757751465e+00
-9.180896282196044922e-01
1.546982824802398682e-01
7.511291503906250000e-01
-7.769823074340820312e-02
-4.203683137893676758e-01
-1.970273017883300781e+00
5.956106185913085938e-01
-1.362805128097534180e+00
-1.460325002670288086e+00
-2.154261112213134766e+00
5.549963712692260742e-01
-1.668790578842163086e+00
-2.284576296806335449e-01
-4.774017632007598877e-01
4.076137393712997437e-02
-2.293226242065429688e+00
2.844680845737457275e-02
-4.198235869407653809e-01
4.079697728157043457e-01
-6.856184601783752441e-01
3.102059960365295410e-01
1.103553771972656250e-01
-1.652138471603393555e+00
-1.807319641113281250e+00
1.626175642013549805e-02
-1.224024593830108643e-02
9.424388408660888672e-01
7.508060932159423828e-01
-1.913730263710021973e+00
4.204072356224060059e-01
-8.813369274139404297e-01
-1.321908712387084961e+00
-4.072891920804977417e-02
-1.031920433044433594e+00
9.099468588829040527e-01
-7.793555855751037598e-01
-6.445704698562622070e-01
-7.336409389972686768e-02
-2.083352804183959961e-01
-1.166718125343322754e+00
9.385249018669128418e-02
-4.856413006782531738e-01
6.323615312576293945e-01
-1.366711378097534180e+00
-3.549026846885681152e-01
2.023782730102539062e+00
-1.391373157501220703e+00
-3.427429795265197754e-01
1.423912763595581055e+00
-1.221954822540283203e-02
5.914826393127441406e-01
-3.672635257244110107e-01
5.426842570304870605e-01
-2.137853145599365234e+00
-3.957314491271972656e-01
-3.385049104690551758e-01
4.732492864131927490e-01
2.246237993240356445e-01
-1.693182229995727539e+00
2.611422538757324219e-01
-8.285707831382751465e-01
1.468626260757446289e-01
-1.750233411788940430e+00
-1.399351835250854492e+00
6.120502948760986328e-02
-3.224053680896759033e-01
5.696114897727966309e-02
-1.925847172737121582e+00
-1.386576294898986816e-01
1.007500529289245605e+00
-8.551601320505142212e-02
-9.783470630645751953e-02
-1.538007855415344238e+00
2.121860504150390625e+00
-1.562474012374877930e+00
-5.875167250633239746e-01
-1.913417220115661621e+00
-1.552702486515045166e-01
8.689827919006347656e-01
1.753581911325454712e-01
-1.488958835601806641e+00
3.631913661956787109e-01
-2.896450161933898926e-01
1.625557988882064819e-02
1.497506618499755859e+00
-1.645636558532714844e-02
-1.755596548318862915e-01
-6.570059657096862793e-01
-2.070301771163940430e-02
-2.407068610191345215e-01
-1.429131776094436646e-01
-4.090544581413269043e-02
-2.327756583690643311e-01
-9.838178157806396484e-01
-4.896664023399353027e-01
4.860538244247436523e-02
-6.895425915718078613e-01
1.925726175308227539e+00
-7.781589031219482422e-02
2.851301431655883789e-02
-2.736468315124511719e-01
-6.693950891494750977e-01
-6.123599410057067871e-02
1.059888303279876709e-01
-7.633749842643737793e-01
-5.183940529823303223e-01
-6.612497568130493164e-01
-6.366639733314514160e-01
-3.837431371212005615e-01
-4.040993750095367432e-01
-3.754519820213317871e-01
-4.449622631072998047e-01
4.030990600585937500e-02
5.705210566520690918e-02
-5.919765233993530273e-01
-1.551866233348846436e-01
-2.573332190513610840e-01
-1.592986732721328735e-01
-4.896516501903533936e-01
-5.141100883483886719e-01
-4.001857936382293701e-01
-6.164059638977050781e-01
3.099619746208190918e-01
-1.348974108695983887e-01
-9.001249074935913086e-02
-4.651640057563781738e-01
2.853655815124511719e-02
-5.590748786926269531e-01
1.996466666460037231e-01
-8.448334932327270508e-01
1.387933790683746338e-01
-3.063415884971618652e-01
-6.120705604553222656e-01
-3.679823875427246094e-02
-2.818312644958496094e-01
7.330766320228576660e-02
8.155271410942077637e-02
-4.935723841190338135e-01
4.072420299053192139e-02
4.876694083213806152e-02
-5.316744744777679443e-02
-8.815572261810302734e-01
-3.632971346378326416e-01
-9.397992491722106934e-02
3.222383260726928711e-01
8.145637065172195435e-02
-3.633315563201904297e-01
-4.655067920684814453e-01
4.445366263389587402e-01
-5.062854290008544922e-01
-1.878414452075958252e-01
-7.794197201728820801e-01
6.609513759613037109e-01
-5.223850607872009277e-01
-1.921477019786834717e-01
8.120605349540710449e-01
1.139899939298629761e-01
-1.879158914089202881e-01
-2.899121344089508057e-01
-4.043497741222381592e-01
-3.552426397800445557e-01
7.956240177154541016e-01
-4.897305965423583984e-01
2.125977039337158203e+00
1.713136434555053711e-01
-1.431281268596649170e-01
-5.143408775329589844e-01
7.835856080055236816e-01
1.190133392810821533e-02
-5.725169181823730469e-02
-9.464457035064697266e-01
-7.144300341606140137e-01
-5.021001100540161133e-01
2.243203967809677124e-01
-6.733604669570922852e-01
-9.139867424964904785e-01
-3.550445437431335449e-01
-9.017274379730224609e-01
2.117536067962646484e+00
-1.313724517822265625e+00
-6.204573512077331543e-01
-1.509380042552947998e-01
-5.755887031555175781e-01
-4.204233884811401367e-01
2.211540699005126953e+00
-7.360354065895080566e-02
1.996676921844482422e-01
-6.775085926055908203e-01
-7.877105474472045898e-01
-1.464545488357543945e+00
9.222520589828491211e-01
7.331994175910949707e-02
-6.898469924926757812e-01
1.754669398069381714e-01
-8.300423622131347656e-03
-6.971839070320129395e-02
-8.182737231254577637e-02
2.158442497253417969e+00
5.711716413497924805e-02
-1.758644580841064453e-01
-8.814793825149536133e-01
2.256578445434570312e+00
1.114050626754760742e+00
1.028115391731262207e+00
-1.020485609769821167e-01
1.313946366310119629e+00
9.220734834671020508e-01
-2.612465620040893555e-01
2.395034313201904297e+00
5.507856011390686035e-01
1.383501887321472168e+00
3.304277658462524414e-01
9.058147072792053223e-01
3.138908147811889648e-01
1.713620275259017944e-01
-1.583023071289062500e+00
3.676962852478027344e-02
2.599024295806884766e+00
6.408799290657043457e-01
7.587113380432128906e-01
7.873389720916748047e-01
1.909660458564758301e+00
2.975524365901947021e-01
2.375088214874267578e+00
-2.080415189266204834e-01
1.056607127189636230e+00
8.362669944763183594e-01
4.875651001930236816e-02
2.317615270614624023e+00
1.542098760604858398e+00
5.873293876647949219e-01
5.549614429473876953e-01
-2.570964097976684570e-01
-5.324411392211914062e-02
6.364132165908813477e-01
-2.164021134376525879e-01
-1.590984761714935303e-01
-4.571805894374847412e-01
-4.089691489934921265e-02
6.487348675727844238e-01
-2.163822054862976074e-01
1.263265907764434814e-01
1.064960479736328125e+00
3.917342424392700195e-01
3.140949010848999023e-01
3.996872901916503906e-01
1.285288572311401367e+00
2.599180221557617188e+00
-5.266566276550292969e-01
4.936908781528472900e-01
-2.327892184257507324e-01
5.587694644927978516e-01
6.653047800064086914e-01
6.813383102416992188e-01
2.003563880920410156e+00
7.056468725204467773e-01
1.093237876892089844e+00
3.552179932594299316e-01
8.651966452598571777e-01
5.183472633361816406e-01
4.650468528270721436e-01
4.038255512714385986e-01
1.345604658126831055e-01
-1.349775940179824829e-01
3.100194334983825684e-01
3.915464878082275391e-01
2.374665737152099609e+00
1.101584434509277344e-01
-2.817182838916778564e-01
2.636070251464843750e+00
-1.471965909004211426e-01
-1.347273290157318115e-01
2.635764837265014648e+00
1.221575438976287842e-01
-1.019881367683410645e-01
1.652585744857788086e+00
1.265545636415481567e-01
2.076984405517578125e+00
8.320618271827697754e-01
3.507443070411682129e-01
5.913491249084472656e-01
-2.040491402149200439e-01
2.472736835479736328e+00
1.240178823471069336e+00
5.300667881965637207e-02
2.039660662412643433e-01
1.211786508560180664e+00
7.551280260086059570e-01
5.222194790840148926e-01
2.134142637252807617e+00
2.427583932876586914e+00
-5.673250555992126465e-01
-5.550975799560546875e-01
3.061238527297973633e-01
-1.021458655595779419e-01
5.178156495094299316e-01
-2.081090658903121948e-01
2.407661676406860352e-01
-3.701341152191162109e-02
5.384311676025390625e-01
1.697526216506958008e+00
-2.859028577804565430e-01
3.253966569900512695e-02
2.521528959274291992e+00
4.691353142261505127e-01
6.731670498847961426e-01
-8.151888847351074219e-03
7.385097146034240723e-01
3.712443411350250244e-01
3.628585934638977051e-01
9.342039823532104492e-01
4.118896126747131348e-01
1.032359004020690918e+00
4.121684730052947998e-01
3.181601464748382568e-01
7.630125284194946289e-01
5.221985578536987305e-01
2.117737293243408203e+00
-3.998602330684661865e-01
3.752201795578002930e-03
8.812211751937866211e-01
1.244364976882934570e+00
1.913625717163085938e+00
-7.100682258605957031e-01
-2.936431765556335449e-01
-2.897093296051025391e-01
8.770828247070312500e-01
7.668892145156860352e-01
1.346345663070678711e+00
2.977256178855895996e-01
8.486717343330383301e-01
-6.938506960868835449e-01
-1.642429828643798828e-02
-8.243107199668884277e-01
1.582954525947570801e+00
-8.202799558639526367e-01
-1.633484363555908203e-01
-1.383211374282836914e+00
3.428096771240234375e-01
-3.389659225940704346e-01
-9.511197209358215332e-01
-3.877750337123870850e-01
-2.042848914861679077e-01
-4.246067106723785400e-01
1.154725790023803711e+00
-4.418715834617614746e-03
-2.164330482482910156e-01
-4.815863370895385742e-01
-1.389484405517578125e-01
-6.529870033264160156e-01
5.058984756469726562e-01
-2.816123366355895996e-01
1.425482928752899170e-01
-4.736574292182922363e-01
-4.448222815990447998e-01
4.854412078857421875e-01
-7.388443946838378906e-01
-8.163616657257080078e-01
-4.922628402709960938e-02
-8.077703118324279785e-01
-7.224466800689697266e-01
1.611620903015136719e+00
-3.184923827648162842e-01
-4.042717218399047852e-01
-1.307048797607421875e-01
-2.490933388471603394e-01
3.874173164367675781e-01
-3.142879903316497803e-01
-2.044711709022521973e-01
-1.876041591167449951e-01
3.546928763389587402e-01
-2.938040792942047119e-01
-4.408864974975585938e-01
-7.224629521369934082e-01
-1.307190656661987305e-01
-4.450017809867858887e-01
-2.693449854850769043e-01
-6.081312298774719238e-01
-4.817211031913757324e-01
-4.898773431777954102e-01
-8.122212886810302734e-01
-7.383597642183303833e-02
-4.897956848144531250e-01
1.550248861312866211e-01
5.975365638732910156e-05
-1.879282444715499878e-01
-9.180752635002136230e-01
2.207200050354003906e+00
5.695775151252746582e-02
1.874130964279174805e-01
1.426868736743927002e-01
6.111586093902587891e-02
3.251931071281433105e-02
-1.619465112686157227e+00
-3.467865288257598877e-01
-2.857648730278015137e-01
4.476214572787284851e-02
1.019381880760192871e-01
-1.796770840883255005e-01
-9.755457639694213867e-01
1.208478212356567383e-02
-1.509791612625122070e-01
-4.610568284988403320e-01
4.876044392585754395e-02
-3.304941654205322266e-01
8.142694830894470215e-02
