-4.345640838146209717e-01
9.060410261154174805e-01
-8.301101922988891602e-01
-1.028777599334716797e+00
1.146078109741210938e-03
-4.697360992431640625e-01
-2.989593148231506348e-02
-4.761979579925537109e-01
-6.485587954521179199e-01
-5.938169360160827637e-01
-1.102154254913330078e+00
6.542419791221618652e-01
2.350108027458190918e-01
3.390112817287445068e-01
5.046682357788085938e-01
-8.247270584106445312e-01
-1.793128013610839844e+00
-1.413374900817871094e+00
-1.603052973747253418e+00
2.958834171295166016e-02
-1.365036606788635254e+00
-7.424491047859191895e-01
-4.753348231315612793e-01
-9.677454233169555664e-01
-2.720252871513366699e-01
-1.763200044631958008e+00
-1.190446496009826660e+00
-1.367365360260009766e+00
-1.052345037460327148e+00
1.213475465774536133e+00
-8.158790469169616699e-01
-1.174749851226806641e+00
4.059587121009826660e-01
-2.482257843017578125e+00
-2.696337938308715820e+00
-2.580039501190185547e-01
-2.331641465425491333e-01
-1.606044650077819824e+00
1.052884608507156372e-01
-2.540391981601715088e-01
7.016296386718750000e-01
7.202056646347045898e-01
-1.905017137527465820e+00
-2.248641729354858398e+00
-2.009913206100463867e+00
-2.097037792205810547e+00
-1.105695247650146484e+00
-4.854308366775512695e-01
8.981012701988220215e-01
-1.025630474090576172e+00
7.026011943817138672e-01
-1.521057486534118652e+00
-4.198119163513183594e+00
-1.553962469100952148e+00
-2.033036053180694580e-01
-1.631751656532287598e+00
-3.072547912597656250e-01
-1.924070000648498535e+00
-6.064144372940063477e-01
-1.064208984375000000e+00
-5.232586264610290527e-01
9.839497804641723633e-01
-1.382569074630737305e-01
4.424456954002380371e-01
-2.221182823181152344e+00
-1.441493153572082520e+00
-2.238962173461914062e+00
-4.159871339797973633e-01
-1.365442991256713867e+00
8.628736734390258789e-01
4.983384609222412109e-01
-1.462503194808959961e+00
-1.315079689025878906e+00
-1.344824194908142090e+00
-2.046664506196975708e-01
-7.852109670639038086e-01
-4.049739837646484375e-01
8.221253752708435059e-01
5.618357658386230469e-01
2.742129564285278320e-01
-1.001370191574096680e+00
-3.586658835411071777e-01
1.115772426128387451e-01
-5.374221801757812500e-01
-1.038885116577148438e-02
-1.986098885536193848e-01
-1.658617138862609863e+00
-1.884532213211059570e+00
-1.233386516571044922e+00
1.741290092468261719e-01
-1.050957918167114258e+00
-1.258115172386169434e-01
7.481369972229003906e-01
1.391303241252899170e-01
-9.939467906951904297e-01
-2.321647405624389648e+00
-9.522761106491088867e-01
-1.284379482269287109e+00
-3.792118132114410400e-01
-7.791240215301513672e-01
2.940219640731811523e-02
-1.470923662185668945e+00
8.360247611999511719e-01
-9.589872956275939941e-01
-4.682011008262634277e-01
-1.110727071762084961e+00
-1.336261034011840820e-01
1.022199153900146484e+00
-4.186740815639495850e-01
-1.271424531936645508e+00
-1.732880830764770508e+00
-8.786349296569824219e-01
-2.591575682163238525e-01
-5.085277557373046875e-01
-5.973361730575561523e-01
-1.373914480209350586e-01
-1.761054515838623047e+00
-5.786616206169128418e-01
-1.016039133071899414e+00
-3.476395010948181152e-01
-1.592458844184875488e+00
-1.508330225944519043e+00
-1.768553853034973145e-01
-2.432193905115127563e-01
-1.355195760726928711e+00
-1.222768902778625488e+00
-7.151962518692016602e-01
-3.342339992523193359e-01
-1.292659044265747070e+00
-6.485037803649902344e-01
-1.629179239273071289e+00
-1.293591976165771484e+00
-1.618472576141357422e+00
-1.014044880867004395e+00
-8.523610234260559082e-01
-2.286482602357864380e-01
-1.163771986961364746e+00
-3.750574588775634766e-01
-7.817049622535705566e-01
-1.104813456535339355e+00
-4.492318928241729736e-01
-1.064246535301208496e+00
-5.604163408279418945e-01
-3.074069619178771973e-01
-1.199575066566467285e+00
-5.465493202209472656e-01
-1.170060038566589355e+00
-5.715959668159484863e-01
5.252020359039306641e-01
-1.883061408996582031e+00
-1.547385454177856445e-01
-8.828305006027221680e-01
-1.736085116863250732e-02
-6.873486638069152832e-01
-5.766767263412475586e-01
-2.935238599777221680e+00
-3.679028451442718506e-01
-8.650869131088256836e-01
-8.025584220886230469e-01
-9.288803935050964355e-01
-1.054179310798645020e+00
7.480794191360473633e-02
-6.222848892211914062e-01
-2.219248116016387939e-01
-1.007839918136596680e+00
-2.852352142333984375e+00
-1.836306810379028320e+00
-1.558623313903808594e+00
-1.020358562469482422e+00
-9.821627140045166016e-01
-9.819054603576660156e-01
-6.983649730682373047e-01
-7.329355478286743164e-01
-1.757142543792724609e+00
-5.210398435592651367e-01
-1.188112020492553711e+00
-5.866349935531616211e-01
-1.593689084053039551e+00
-4.833103418350219727e-01
-6.520678997039794922e-01
-9.182535409927368164e-01
-1.727811932563781738e+00
-9.280067086219787598e-01
-7.579553127288818359e-01
-7.423474192619323730e-01
-1.025237739086151123e-01
8.359917998313903809e-01
-8.645603060722351074e-01
1.197704225778579712e-01
-4.125885963439941406e-01
-1.010080456733703613e+00
1.517215251922607422e+00
-8.301838636398315430e-01
-2.169834077358245850e-01
1.662049889564514160e+00
1.855291485786437988e+00
2.005160331726074219e+00
1.210402846336364746e+00
3.935558199882507324e-01
1.581910252571105957e+00
1.461240291595458984e+00
1.170347213745117188e+00
2.543817162513732910e-01
1.717057347297668457e+00
9.483839273452758789e-01
8.681324124336242676e-01
1.989179372787475586e+00
8.427290916442871094e-01
-8.789897710084915161e-02
1.048226594924926758e+00
4.614725112915039062e-01
4.469357728958129883e-01
6.257193088531494141e-01
1.778366327285766602e+00
7.776477336883544922e-01
3.884522318840026855e-01
9.698034524917602539e-01
-1.329269260168075562e-01
1.074376702308654785e+00
1.889444112777709961e+00
9.653992652893066406e-01
7.214097380638122559e-01
9.004995822906494141e-01
1.478950619697570801e+00
2.628579139709472656e+00
1.116819739341735840e+00
7.056816816329956055e-01
1.336016654968261719e+00
1.054446697235107422e+00
1.189561605453491211e+00
3.304833769798278809e-01
6.624696254730224609e-01
-7.994315028190612793e-02
2.550683021545410156e-01
1.315158367156982422e+00
1.567414045333862305e+00
2.166891574859619141e+00
7.639333009719848633e-01
9.070762991905212402e-01
4.472798109054565430e-01
6.900579929351806641e-01
1.222526788711547852e+00
1.682583808898925781e+00
1.398125171661376953e+00
1.878464698791503906e+00
2.192945003509521484e+00
1.286248207092285156e+00
1.584822416305541992e+00
1.136876702308654785e+00
1.701838850975036621e+00
1.161613464355468750e+00
6.582595705986022949e-01
2.121140480041503906e+00
3.186052143573760986e-01
5.298475027084350586e-01
-6.041732430458068848e-01
3.660442233085632324e-01
1.400022804737091064e-01
2.058765888214111328e+00
1.197496414184570312e+00
9.301485419273376465e-01
9.000378847122192383e-01
3.144593238830566406e-01
5.369169712066650391e-01
4.912508130073547363e-01
1.015664696693420410e+00
8.477412462234497070e-01
2.382390499114990234e+00
1.745308160781860352e+00
1.628224968910217285e+00
5.623953342437744141e-01
1.846791028976440430e+00
4.051148295402526855e-01
1.112818956375122070e+00
2.476646661758422852e+00
-2.883107066154479980e-01
2.188491821289062500e+00
4.538564682006835938e-01
2.096312522888183594e+00
1.066846728324890137e+00
1.014182329177856445e+00
8.104493021965026855e-01
1.074040532112121582e+00
7.182440161705017090e-02
1.319449663162231445e+00
8.574943542480468750e-01
1.411211967468261719e+00
3.181513845920562744e-01
2.386410713195800781e+00
1.920349717140197754e+00
2.075092315673828125e+00
8.862754106521606445e-01
1.582047641277313232e-01
2.454644441604614258e-02
2.424933016300201416e-01
6.847715377807617188e-02
1.520502209663391113e+00
1.225883960723876953e+00
2.170425653457641602e+00
2.636138796806335449e-01
1.983733177185058594e+00
5.925035476684570312e-01
9.914855957031250000e-01
-1.527755558490753174e-01
5.363517999649047852e-01
2.400918304920196533e-02
4.694988429546356201e-01
1.167390584945678711e+00
-3.890480101108551025e-01
1.163231492042541504e+00
1.729071974754333496e+00
2.501338005065917969e+00
6.151015758514404297e-01
1.077237367630004883e+00
6.776531934738159180e-01
-2.392413139343261719e+00
-4.171691536903381348e-01
1.939907073974609375e+00
1.462297916412353516e+00
6.121308803558349609e-01
-3.929357528686523438e-01
1.322282075881958008e+00
1.834176629781723022e-01
1.963755369186401367e+00
5.917237401008605957e-01
1.847554802894592285e+00
-1.141495406627655029e-01
-2.730394601821899414e-01
7.487125396728515625e-01
-9.239314794540405273e-01
9.269606471061706543e-01
6.127570867538452148e-01
2.248146533966064453e+00
4.675401449203491211e-01
1.860782861709594727e+00
2.121285200119018555e+00
4.717588424682617188e-01
5.009691715240478516e-01
4.221897721290588379e-01
1.876608371734619141e+00
1.411440014839172363e+00
9.210454225540161133e-01
7.614420056343078613e-01
-1.605203747749328613e-02
-1.726924628019332886e-01
6.952698826789855957e-01
9.749636054039001465e-01
2.229632437229156494e-01
2.719867229461669922e-02
5.644913315773010254e-01
9.649441242218017578e-01
3.442423641681671143e-01
-2.692276239395141602e-01
-2.008079290390014648e-01
1.114297986030578613e+00
4.391536116600036621e-01
7.588560581207275391e-01
3.093768119812011719e+00
1.043385982513427734e+00
1.762302994728088379e+00
6.134864091873168945e-01
7.277734875679016113e-01
1.280808210372924805e+00
2.914043068885803223e-01
1.115271568298339844e+00
3.809935748577117920e-01
7.141923904418945312e-01
1.022083520889282227e+00
-2.178203910589218140e-01
2.183169364929199219e+00
1.772970438003540039e+00
8.365771174430847168e-01
5.428589582443237305e-01
1.232189536094665527e+00
5.117073655128479004e-01
-6.686815023422241211e-01
2.930773735046386719e+00
6.606691479682922363e-01
5.840569734573364258e-01
1.799630403518676758e+00
5.811440944671630859e-01
1.000822901725769043e+00
1.290917515754699707e+00
1.644905686378479004e+00
7.571529150009155273e-01
1.707400918006896973e+00
-9.302800893783569336e-01
1.793754935264587402e+00
1.482072591781616211e+00
4.315465688705444336e-01
-1.169643402099609375e-01
1.345561742782592773e+00
2.135972380638122559e-01
-1.540358215570449829e-01
6.882221698760986328e-01
5.186498761177062988e-01
-3.803306818008422852e-02
7.482051849365234375e-01
2.999514937400817871e-01
1.445210695266723633e+00
9.641834497451782227e-01
1.860160231590270996e-01
1.479129552841186523e+00
1.325207233428955078e+00
1.853386878967285156e+00
8.410182595252990723e-01
1.320909738540649414e+00
1.114405870437622070e+00
6.518139243125915527e-01
1.753714203834533691e+00
2.314267754554748535e-01
1.176153302192687988e+00
7.635233402252197266e-01
1.860068082809448242e+00
1.319471001625061035e+00
1.012784957885742188e+00
-5.618622899055480957e-01
3.042443692684173584e-01
-2.662867307662963867e-02
8.212414383888244629e-01
5.200521349906921387e-01
1.782142162322998047e+00
-7.276985645294189453e-01
1.873590588569641113e+00
-8.775627613067626953e-02
1.397859811782836914e+00
1.807344675064086914e+00
1.328788995742797852e+00
8.629399538040161133e-02
-1.386869102716445923e-01
5.625554323196411133e-01
4.104998707771301270e-01
-4.058154225349426270e-01
7.568604946136474609e-01
2.008108496665954590e-01
7.196289300918579102e-01
-4.900932013988494873e-01
1.414726734161376953e+00
2.874597787857055664e+00
1.780436635017395020e-01
1.740766882896423340e+00
-9.427642226219177246e-01
8.569969534873962402e-01
-2.232879996299743652e-01
-6.056182384490966797e-01
4.119475483894348145e-01
1.327413082122802734e+00
1.968532919883728027e+00
-8.449276089668273926e-01
-6.622552871704101562e-03
1.558098077774047852e+00
-5.639510154724121094e-01
-7.496865987777709961e-01
8.658275604248046875e-01
8.101336359977722168e-01
7.291491627693176270e-01
9.385017752647399902e-01
8.347176313400268555e-01
1.608058452606201172e+00
-8.232351541519165039e-01
1.717094898223876953e+00
4.933278560638427734e-01
9.721876382827758789e-01
1.066569805145263672e+00
8.665252923965454102e-01
-1.434230506420135498e-01
1.864307373762130737e-02
-2.972420752048492432e-01
1.301163911819458008e+00
1.000508546829223633e+00
7.161575555801391602e-01
2.736355066299438477e-01
5.842369794845581055e-01
-1.794325113296508789e-01
-6.844872236251831055e-01
-8.698613643646240234e-01
4.774573445320129395e-02
-5.354889035224914551e-01
3.372184634208679199e-01
5.993850231170654297e-01
-2.519859373569488525e-01
4.499114751815795898e-01
9.557394981384277344e-01
3.886475563049316406e-01
1.172955036163330078e+00
2.284340858459472656e+00
-4.181472063064575195e-01
-1.562587738037109375e+00
1.727248728275299072e-02
1.067113161087036133e+00
3.821815848350524902e-01
3.736972808837890625e-01
-6.096400022506713867e-01
-9.776479601860046387e-01
6.808207631111145020e-01
-1.889679789543151855e+00
2.254823684692382812e+00
-2.529060840606689453e-01
-9.785863161087036133e-01
9.163502454757690430e-01
3.398364782333374023e-01
-2.460938692092895508e-01
1.334798336029052734e-02
9.574300646781921387e-01
3.082699775695800781e-01
5.912421941757202148e-01
5.114074945449829102e-01
-3.765658736228942871e-01
6.423720717430114746e-01
4.529017806053161621e-01
1.825760364532470703e+00
5.261369943618774414e-01
9.377413988113403320e-02
9.662641286849975586e-01
-1.952533245086669922e+00
2.641652822494506836e-01
9.202046394348144531e-01
4.544520378112792969e-01
8.616632223129272461e-01
-1.169389486312866211e+00
-1.499430537223815918e-01
7.895767688751220703e-02
1.723861396312713623e-01
-1.688180685043334961e+00
1.308381706476211548e-01
-2.414667308330535889e-01
2.345645129680633545e-01
-9.841128587722778320e-01
-1.218636035919189453e-01
-5.659533143043518066e-01
2.682047784328460693e-01
3.033533394336700439e-01
1.197543621063232422e+00
-9.711773991584777832e-01
2.792932748794555664e+00
4.867679774761199951e-01
2.648881912231445312e+00
1.525721549987792969e+00
-4.430635273456573486e-02
2.236817598342895508e+00
-3.459972143173217773e-02
-7.867133617401123047e-02
-1.231281518936157227e+00
-6.447325348854064941e-01
1.509552478790283203e+00
1.376906275749206543e+00
-2.202618122100830078e+00
4.189780652523040771e-01
2.220201641321182251e-01
2.864656746387481689e-01
2.346357822418212891e+00
1.708218455314636230e+00
8.186070322990417480e-01
-1.177556276321411133e+00
2.119380235671997070e-02
6.745943427085876465e-02
4.938205480575561523e-01
-7.223675251007080078e-01
-1.241819024085998535e+00
7.753500938415527344e-01
-1.802037060260772705e-01
1.217515707015991211e+00
-2.237206697463989258e-01
1.278873085975646973e+00
-1.036448478698730469e-01
-2.500655949115753174e-01
2.406810075044631958e-01
-2.301912307739257812e-01
1.211221456527709961e+00
5.233883857727050781e-04
6.907533407211303711e-01
3.453851342201232910e-01
1.732688784599304199e+00
-1.136113166809082031e+00
4.707368612289428711e-01
3.559705913066864014e-01
-2.708452045917510986e-01
1.140306949615478516e+00
-9.195299148559570312e-01
-6.523166298866271973e-01
1.567800760269165039e+00
-1.263212919235229492e+00
1.127255916595458984e+00
1.650662660598754883e+00
1.236552953720092773e+00
-2.251712083816528320e-01
8.344466686248779297e-01
9.051258563995361328e-01
6.746065020561218262e-01
-1.264135241508483887e+00
-9.103585481643676758e-01
-1.009858846664428711e-01
5.576215982437133789e-01
1.678868412971496582e+00
-2.802744805812835693e-01
-2.470738589763641357e-01
-1.954107284545898438e-01
2.783654332160949707e-01
-1.176150202751159668e+00
5.123537778854370117e-01
8.646208643913269043e-01
1.349283456802368164e+00
7.172036767005920410e-01
7.317295074462890625e-01
9.585549235343933105e-01
1.108150839805603027e+00
-2.976055145263671875e-01
-2.992359995841979980e-01
8.552905321121215820e-01
3.347737193107604980e-01
-2.047407925128936768e-01
-5.458059906959533691e-01
-1.068668007850646973e+00
7.279644012451171875e-01
-6.446963548660278320e-02
-1.716628670692443848e-02
-9.763777256011962891e-01
1.329011917114257812e+00
-1.891962289810180664e-01
-3.614766001701354980e-01
-2.121505439281463623e-01
5.834889411926269531e-01
-1.073701620101928711e+00
3.823952674865722656e-01
1.194779396057128906e+00
-9.750223159790039062e-02
2.717401027679443359e+00
6.166777610778808594e-01
1.241853833198547363e+00
-3.487714290618896484e+00
-2.423458099365234375e-01
1.213864326477050781e+00
-5.547001361846923828e-01
1.726746559143066406e-03
6.907572746276855469e-01
7.499389648437500000e-01
1.564486473798751831e-01
-9.627329707145690918e-01
1.137907743453979492e+00
5.564569830894470215e-01
1.449003338813781738e+00
4.146158397197723389e-01
1.219485700130462646e-02
4.014404714107513428e-01
1.090670466423034668e+00
8.929148316383361816e-04
-1.855448603630065918e+00
-1.264947652816772461e+00
3.038008213043212891e-01
-1.746934652328491211e-02
3.895955085754394531e-01
-3.644048571586608887e-01
5.247731804847717285e-01
-2.133512020111083984e+00
-3.288894653320312500e+00
1.870581805706024170e-01
2.490830421447753906e+00
8.098626136779785156e-01
2.086282968521118164e-01
-5.898634791374206543e-01
3.134285807609558105e-01
9.399085044860839844e-01
2.322013676166534424e-01
-8.291602134704589844e-04
1.090736389160156250e-01
6.747248172760009766e-01
1.502859354019165039e+00
4.771293997764587402e-01
-2.506807446479797363e-03
2.606655597686767578e+00
-7.419884204864501953e-02
1.080108284950256348e+00
8.975346386432647705e-02
-3.323699235916137695e-01
1.943351387977600098e+00
-1.192597985267639160e+00
-4.266521930694580078e-01
-2.831549644470214844e-01
5.619698166847229004e-01
1.462491273880004883e+00
1.784256100654602051e-02
-4.126278460025787354e-01
9.355825185775756836e-01
1.849629402160644531e+00
5.337060093879699707e-01
-8.902752399444580078e-01
1.124054938554763794e-01
-3.805375099182128906e-01
8.811333179473876953e-01
8.271950483322143555e-01
2.149630069732666016e+00
-4.690586924552917480e-01
-7.701907753944396973e-01
2.472634315490722656e+00
1.694283038377761841e-01
9.777929782867431641e-01
-1.044431805610656738e+00
1.814645528793334961e-01
7.763817906379699707e-01
2.150384426116943359e+00
6.458668708801269531e-01
1.077868700027465820e+00
2.726455926895141602e-01
-6.866049766540527344e-01
3.873410224914550781e-01
4.504853487014770508e-01
5.960320830345153809e-01
9.420534968376159668e-01
-3.448501229286193848e-01
1.812115907669067383e+00
-5.765762925148010254e-01
4.712013900279998779e-02
1.979455649852752686e-01
-1.249450683593750000e+00
1.288781166076660156e-01
2.557983398437500000e-01
1.242970108985900879e+00
1.467820167541503906e+00
5.376542806625366211e-01
1.152863025665283203e+00
1.316058158874511719e+00
1.351139545440673828e+00
-2.321206808090209961e+00
1.010701507329940796e-01
1.980347633361816406e+00
1.861829310655593872e-01
5.280809998512268066e-01
9.688796401023864746e-01
-6.818387508392333984e-01
5.876541137695312500e-02
1.117377042770385742e+00
2.258163928985595703e+00
-8.876736760139465332e-01
2.124527454376220703e+00
4.567745208740234375e+00
2.034579962491989136e-01
-4.471611678600311279e-01
-4.212062060832977295e-01
-1.560935378074645996e+00
3.726756572723388672e-01
1.545380830764770508e+00
4.812386631965637207e-02
4.365678429603576660e-01
1.186807990074157715e+00
-1.487782955169677734e+00
2.512174844741821289e-01
5.237618088722229004e-01
-8.648544549942016602e-03
-5.916139483451843262e-01
1.136465907096862793e+00
2.283832311630249023e+00
-1.500978767871856689e-01
1.691108196973800659e-01
5.036496520042419434e-01
2.316333770751953125e+00
1.526583075523376465e+00
-2.945142388343811035e-01
1.168808221817016602e+00
4.642190635204315186e-01
4.795925617218017578e-01
7.526323795318603516e-01
7.078856229782104492e-01
-1.601215720176696777e+00
8.362054824829101562e-03
-2.665102183818817139e-01
4.150084555149078369e-01
8.213535547256469727e-01
2.303693592548370361e-01
2.183567285537719727e+00
-1.244111537933349609e+00
1.693407893180847168e-01
1.131971597671508789e+00
7.007752656936645508e-01
5.371924638748168945e-01
6.430838704109191895e-01
8.880794644355773926e-01
8.009046316146850586e-02
-6.099790334701538086e-02
2.622901201248168945e+00
1.378471970558166504e+00
1.790626406669616699e+00
6.741361618041992188e-01
-1.969457566738128662e-01
-9.680012464523315430e-01
1.212269067764282227e+00
3.223766684532165527e-01
1.274564981460571289e+00
4.384236931800842285e-01
6.900511384010314941e-01
1.847933769226074219e+00
-3.411771297454833984e+00
3.625518679618835449e-01
9.665605425834655762e-01
1.145347952842712402e+00
-1.018258571624755859e+00
4.823875427246093750e-01
4.573621451854705811e-01
-2.121916413307189941e-01
-6.558834910392761230e-01
-1.886790990829467773e+00
2.211362272500991821e-01
4.987218976020812988e-01
-6.795565485954284668e-01
-2.559613585472106934e-01
-6.228182911872863770e-01
3.641096353530883789e-01
2.437759339809417725e-01
-1.092986106872558594e+00
1.554851531982421875e+00
8.325865268707275391e-01
2.314539253711700439e-01
1.336522102355957031e+00
-4.965151250362396240e-01
-6.713951826095581055e-01
5.959544181823730469e-01
-1.566110253334045410e-01
-4.650132060050964355e-01
1.522362709045410156e+00
-4.598915278911590576e-01
9.753409624099731445e-01
2.835519313812255859e-01
6.685668230056762695e-01
3.050482273101806641e-01
1.290610671043395996e+00
5.905573964118957520e-01
1.120861411094665527e+00
-6.917419433593750000e-01
2.391433715820312500e-02
-8.449261188507080078e-01
4.389117658138275146e-01
-1.027378678321838379e+00
2.869266271591186523e-02
2.838082551956176758e+00
6.651917695999145508e-01
1.185624837875366211e+00
6.864637732505798340e-01
7.491022348403930664e-01
3.387331962585449219e-01
-7.115461826324462891e-01
5.303538441658020020e-01
-1.638575941324234009e-01
-3.277390301227569580e-01
-2.680979669094085693e-01
-6.069115996360778809e-01
2.542280435562133789e+00
5.694492161273956299e-02
-1.619750708341598511e-01
5.047879219055175781e-01
8.290966749191284180e-01
7.415032386779785156e-01
7.120462656021118164e-01
2.207306027412414551e-02
-1.157537102699279785e+00
-8.023458719253540039e-01
7.685441970825195312e-01
-7.576849460601806641e-01
2.316176593303680420e-01
-2.130408585071563721e-01
2.635679543018341064e-01
5.183261036872863770e-01
2.405297756195068359e-01
3.028133809566497803e-01
6.934833526611328125e-01
-3.850914239883422852e-01
5.353468656539916992e-02
-2.729316353797912598e-01
3.831895589828491211e-01
-7.366086244583129883e-01
3.265678882598876953e-02
-9.485889077186584473e-01
-4.352819323539733887e-01
-9.591830968856811523e-01
6.333654522895812988e-01
1.125257015228271484e+00
2.115748167037963867e+00
1.430380046367645264e-01
1.150096416473388672e+00
-2.656274318695068359e+00
2.186465978622436523e+00
5.351427197456359863e-01
1.211566448211669922e+00
7.230923175811767578e-01
9.161911010742187500e-01
2.213096141815185547e+00
8.421710729598999023e-01
1.695798635482788086e+00
3.124377131462097168e-01
-7.426775693893432617e-01
-1.325771361589431763e-01
9.007971286773681641e-01
2.523690760135650635e-01
1.434316277503967285e+00
7.379317283630371094e-02
5.094742178916931152e-01
2.669618368148803711e+00
-3.628608584403991699e-01
-5.122032165527343750e-01
-2.830844819545745850e-01
-8.085912466049194336e-02
-2.093304157257080078e+00
-1.536919355392456055e+00
1.515603065490722656e-01
4.357538521289825439e-01
-1.313909530639648438e+00
2.172096490859985352e+00
2.303786277770996094e-01
-6.822981834411621094e-01
1.667890548706054688e+00
7.847775220870971680e-01
-6.298049092292785645e-01
-1.173984408378601074e-01
3.816595673561096191e-01
2.537494897842407227e-01
3.002314567565917969e-01
-5.403827428817749023e-01
-7.213065624237060547e-01
-6.955332159996032715e-01
-6.596381664276123047e-01
-3.761499375104904175e-02
-4.022540450096130371e-01
1.025457382202148438e+00
-2.682030797004699707e-01
-6.534376740455627441e-01
-6.085682511329650879e-01
-1.075294256210327148e+00
-3.511773049831390381e-01
-1.991249620914459229e-02
2.148565053939819336e+00
1.291771650314331055e+00
7.835435867309570312e-01
6.900054812431335449e-01
7.864161133766174316e-01
-1.685424804687500000e+00
5.587356090545654297e-01
2.046961307525634766e+00
9.739619493484497070e-01
3.056322574615478516e+00
-2.090491771697998047e+00
2.433966636657714844e+00
-3.034523725509643555e+00
-1.091640472412109375e+00
1.183446407318115234e+00
1.563782930374145508e+00
-7.046029567718505859e-01
-1.593530774116516113e+00
1.884016990661621094e+00
1.741847276687622070e+00
-2.319573760032653809e-01
1.698377877473831177e-01
5.509154796600341797e-01
1.082000970840454102e+00
-2.988673448562622070e+00
4.765024781227111816e-01
3.075135946273803711e-01
-1.329178929328918457e+00
1.918519258499145508e+00
6.572712957859039307e-02
6.300959587097167969e-01
1.486162662506103516e+00
-3.500033020973205566e-01
2.852985382080078125e+00
7.243401408195495605e-01
1.344323754310607910e-01
3.093007206916809082e-01
-9.220775961875915527e-02
1.557489752769470215e+00
-1.953787088394165039e+00
4.439820647239685059e-01
-2.552282810211181641e-01
2.619018256664276123e-01
-6.234744191169738770e-01
8.414266109466552734e-01
1.535979032516479492e+00
7.394796609878540039e-01
-1.176189303398132324e+00
6.880583763122558594e-01
-1.484870910644531250e-03
-4.942026436328887939e-01
3.146164715290069580e-01
5.366876125335693359e-01
-8.287386596202850342e-02
-1.993867456912994385e-01
5.680483579635620117e-01
1.775471925735473633e+00
-5.090858936309814453e-01
-5.541945695877075195e-01
1.765113174915313721e-01
1.849578022956848145e+00
3.195736408233642578e-01
9.632205367088317871e-01
1.340857625007629395e+00
1.352490663528442383e+00
2.030087947845458984e+00
5.763658881187438965e-01
3.508567065000534058e-02
-5.832853913307189941e-01
1.420612096786499023e+00
1.340432465076446533e-01
-5.914458036422729492e-01
1.910855889320373535e+00
-5.156075954437255859e-01
2.084974050521850586e+00
-1.405044496059417725e-01
8.955563306808471680e-01
3.131183683872222900e-01
-5.738800764083862305e-02
8.487231135368347168e-01
6.302889585494995117e-01
1.609952569007873535e+00
1.275897324085235596e-01
1.771005868911743164e+00
6.085846424102783203e-01
5.494990348815917969e-01
-3.814094662666320801e-01
-7.846610546112060547e-01
1.146183371543884277e+00
2.060592174530029297e-02
-3.560689091682434082e-02
-3.297296762466430664e-01
7.382427453994750977e-01
2.587541341781616211e+00
1.355094552040100098e+00
1.762365102767944336e-01
2.253211498260498047e+00
-5.625280141830444336e-01
-2.810616791248321533e-02
-2.136190414428710938e+00
1.007622838020324707e+00
5.930219888687133789e-01
1.904113531112670898e+00
4.424113035202026367e-01
-5.771862268447875977e-01
-1.690928936004638672e+00
-1.677139699459075928e-01
-2.769136428833007812e-01
-9.104399681091308594e-01
5.098469257354736328e-01
-4.703725278377532959e-01
-6.226939558982849121e-01
6.818057298660278320e-01
2.169521898031234741e-01
-5.832099914550781250e-01
-3.288136124610900879e-01
3.200986981391906738e-01
-6.781152486801147461e-01
2.068281173706054688e-03
-2.432441711425781250e-02
8.082441985607147217e-02
1.321444511413574219e+00
2.013811349868774414e+00
2.036230564117431641e+00
3.019160926342010498e-01
1.441274762153625488e+00
5.580489337444305420e-02
-1.064808845520019531e+00
1.913747787475585938e-01
2.699148058891296387e-01
6.894613504409790039e-01
-1.743692159652709961e-01
2.030027866363525391e+00
4.335677921772003174e-01
-3.984922766685485840e-01
2.835224270820617676e-01
-3.017552495002746582e-01
8.365634679794311523e-01
-2.007904291152954102e+00
9.633699059486389160e-01
-1.048497915267944336e+00
-5.217772722244262695e-02
-7.856092453002929688e-01
-1.083818078041076660e+00
-1.375392913818359375e+00
-5.506887435913085938e-01
-4.197278022766113281e-01
-9.149423837661743164e-01
-9.269306659698486328e-01
-1.258905410766601562e+00
-1.194906473159790039e+00
-1.086828470230102539e+00
-6.380691528320312500e-01
-2.321800142526626587e-01
-2.589680552482604980e-01
-7.026979327201843262e-01
-1.039038419723510742e+00
-3.695707321166992188e-01
-8.475348353385925293e-01
-1.190982103347778320e+00
-7.109490633010864258e-01
-4.230057001113891602e-01
-1.303773999214172363e+00
-9.368518590927124023e-01
-4.457525908946990967e-01
-1.093535661697387695e+00
-6.239005327224731445e-01
-9.924550652503967285e-01
-7.583973407745361328e-01
-1.402217149734497070e+00
-3.232128620147705078e-01
-8.236287832260131836e-01
-7.269513010978698730e-01
3.242537975311279297e-01
-1.330597758293151855e+00
-5.810478329658508301e-01
-8.952304124832153320e-01
-9.352369308471679688e-01
-4.919344186782836914e-01
-4.150030016899108887e-01
-1.285662889480590820e+00
-1.231935501098632812e+00
2.120129764080047607e-03
-1.964162886142730713e-01
-1.000582933425903320e+00
-9.780809879302978516e-01
-1.046278476715087891e+00
-1.161563396453857422e+00
-8.204813599586486816e-01
-5.790880918502807617e-01
-1.055954217910766602e+00
-8.950620293617248535e-01
-8.352735042572021484e-01
-7.099581956863403320e-01
-9.964421391487121582e-01
-1.567195653915405273e-01
-9.637650847434997559e-01
-6.846593022346496582e-01
-1.691590785980224609e+00
-4.786722958087921143e-01
-1.689595878124237061e-01
-1.054780125617980957e+00
-6.507538557052612305e-01
-1.490459293127059937e-01
-2.608174085617065430e-01
-3.972146213054656982e-01
-1.081225156784057617e+00
-1.284249544143676758e+00
-1.959263086318969727e-01
1.179063558578491211e+00
-1.090888857841491699e+00
-9.782648682594299316e-01
-1.594011425971984863e+00
-1.084152221679687500e+00
-2.284575551748275757e-01
-5.175386071205139160e-01
-6.712394952774047852e-01
-2.797603607177734375e+00
-1.612729430198669434e+00
-6.602265834808349609e-01
-1.502240657806396484e+00
8.938119411468505859e-01
-6.009789705276489258e-01
-1.077266693115234375e+00
-1.071724176406860352e+00
-5.674708485603332520e-01
-6.900324821472167969e-01
-1.850613951683044434e+00
5.139046907424926758e-02
-1.258810281753540039e+00
-3.905945420265197754e-01
-4.499014317989349365e-01
-2.477054357528686523e+00
-4.296232461929321289e-01
-1.971358299255371094e+00
-1.166365742683410645e+00
-2.583914995193481445e-02
-4.840049445629119873e-01
-2.931154489517211914e+00
-2.107436358928680420e-01
-7.767086029052734375e-01
-3.276437520980834961e-01
-1.197118163108825684e+00
9.449425935745239258e-01
1.317770957946777344e+00
-1.269436001777648926e+00
-2.801949977874755859e-01
-1.356366753578186035e+00
-1.320906758308410645e+00
-1.547778993844985962e-01
-5.993618965148925781e-01
-2.732265710830688477e+00
-8.327450752258300781e-01
1.501810550689697266e-02
-1.409674406051635742e+00
-1.848041772842407227e+00
-7.373348474502563477e-01
-3.150853514671325684e-01
-8.631448149681091309e-01
-1.849752783775329590e+00
-1.682705521583557129e+00
-8.948109745979309082e-01
1.714819967746734619e-01
-1.455626606941223145e+00
1.856169939041137695e+00
-6.352219581604003906e-01
-1.734521746635437012e+00
-1.343885779380798340e+00
1.925487041473388672e+00
1.892836332321166992e+00
-7.696602344512939453e-01
-2.552448749542236328e+00
1.885159850120544434e+00
-1.228504657745361328e+00
-1.693146228790283203e+00
-1.519205570220947266e-01
-2.387285232543945312e-01
-3.276663780212402344e+00
4.096114635467529297e-02
-1.002792477607727051e+00
-1.079113483428955078e+00
7.726088166236877441e-02
-1.385018229484558105e+00
-3.125372886657714844e+00
9.044672846794128418e-01
1.892983317375183105e-01
-8.757477998733520508e-02
2.371218800544738770e-01
7.230988144874572754e-01
4.214151203632354736e-02
-7.429770231246948242e-01
-1.223361194133758545e-01
-7.926784753799438477e-01
-2.660199701786041260e-01
-1.620368242263793945e+00
-3.756744861602783203e-01
-2.321149110794067383e+00
1.017784118652343750e+00
-8.729765415191650391e-01
-1.062839031219482422e+00
-1.417594313621520996e+00
-2.181256771087646484e+00
-4.605672061443328857e-01
-1.116839170455932617e+00
-9.494146108627319336e-01
-5.936628580093383789e-01
-9.073148965835571289e-01
-3.395557403564453125e-01
-2.038408517837524414e+00
-1.394233703613281250e+00
-1.882198095321655273e+00
-3.480905294418334961e-01
-1.726949334144592285e+00
-2.476291179656982422e+00
-9.180529117584228516e-01
-1.824143648147583008e+00
-3.203457593917846680e-01
-1.332565784454345703e+00
-9.414892792701721191e-01
-1.150266170501708984e+00
-3.105330467224121094e+00
5.128341913223266602e-01
-9.476143717765808105e-01
-3.844435691833496094e+00
1.055912077426910400e-01
-3.598150610923767090e-01
-3.372997283935546875e+00
-2.010790407657623291e-01
-5.008308291435241699e-01
-2.837757587432861328e+00
-7.579492330551147461e-01
-3.072034120559692383e+00
-1.475693821907043457e+00
-1.737248897552490234e+00
-8.217882513999938965e-01
-9.735020399093627930e-01
-3.106853008270263672e+00
-2.069247245788574219e+00
-6.111413240432739258e-01
-8.516114950180053711e-02
-2.400965929031372070e+00
-1.551014065742492676e+00
-5.197985172271728516e-01
-2.378977537155151367e+00
-2.092001676559448242e+00
1.579488515853881836e-01
-2.285419702529907227e-01
-7.855542898178100586e-01
-5.392156839370727539e-01
-1.588765859603881836e+00
-7.506734728813171387e-01
-6.919506192207336426e-01
-5.268434882164001465e-01
-2.080468893051147461e+00
-7.655929327011108398e-01
-7.084939479827880859e-01
-9.420201182365417480e-01
-2.922438383102416992e+00
-1.133663058280944824e-01
-1.069470643997192383e+00
1.811816245317459106e-01
-4.218673110008239746e-01
-1.840898871421813965e+00
-1.981395602226257324e+00
-7.248625755310058594e-01
-1.015537977218627930e+00
-1.028743863105773926e+00
-1.714635968208312988e+00
-3.203374743461608887e-01
-8.345857858657836914e-01
-8.188464641571044922e-01
-2.942876815795898438e+00
-5.810501575469970703e-01
4.807294905185699463e-02
-2.201160907745361328e+00
-1.592440009117126465e-01
-2.455077409744262695e+00
-4.780251681804656982e-01
-7.933354377746582031e-01
-5.477138757705688477e-01
-1.534800529479980469e+00
-7.498376965522766113e-01
-2.005456686019897461e+00
-1.466282248497009277e+00
-4.201534986495971680e-01
-7.407502532005310059e-01
-8.897941708564758301e-01
-3.805723190307617188e-01
1.908451199531555176e+00
-9.161799550056457520e-01
-1.130156040191650391e+00
5.315750837326049805e-01
-9.466226696968078613e-01
-8.947114348411560059e-01
-1.487732052803039551e+00
-8.643138408660888672e-01
-7.916208505630493164e-01
-1.510715007781982422e+00
2.655911922454833984e+00
-8.686285614967346191e-01
-4.433848261833190918e-01
-1.732996582984924316e+00
-7.650431990623474121e-01
-6.633445024490356445e-01
-9.922842979431152344e-01
-7.412189841270446777e-01
-1.603984594345092773e+00
-1.142117738723754883e+00
-1.500262498855590820e+00
-2.211629152297973633e-01
-4.702984988689422607e-01
-1.803002357482910156e+00
-4.751399755477905273e-01
5.942607522010803223e-01
-7.790818810462951660e-01
1.471415519714355469e+00
-1.062962293624877930e+00
-1.570727109909057617e+00
-9.852345585823059082e-01
-1.150021076202392578e+00
-5.288563966751098633e-01
-2.710371017456054688e-01
-4.144441187381744385e-01
-1.569087982177734375e+00
-1.143307089805603027e+00
-6.456285715103149414e-01
-6.511697769165039062e-01
-1.037673354148864746e+00
-1.155068635940551758e+00
-7.033641338348388672e-01
-7.589028477668762207e-01
-1.773383259773254395e+00
7.709681987762451172e-02
-9.135276079177856445e-03
-4.351719617843627930e-01
-8.293027877807617188e-01
-8.485423326492309570e-01
-9.061223268508911133e-01
-7.185668945312500000e-01
-1.089633703231811523e+00
-1.518601775169372559e-01
-2.194990634918212891e+00
-1.376906871795654297e+00
-1.136637568473815918e+00
-1.457458734512329102e+00
-5.469025373458862305e-01
-9.701033234596252441e-01
1.868762612342834473e+00
-6.363096237182617188e-01
-1.261652588844299316e+00
-2.025356531143188477e+00
-9.648448228836059570e-01
-1.106366872787475586e+00
-6.092724800109863281e-01
-1.069115400314331055e+00
-1.273560523986816406e+00
-7.848435640335083008e-01
-4.809936583042144775e-01
-4.978864789009094238e-01
-7.650856971740722656e-01
