-6.417882442474365234e-01
5.790759325027465820e-01
-1.932375133037567139e-01
-1.464513838291168213e-01
-3.721432387828826904e-01
6.136256456375122070e-01
9.697533845901489258e-01
1.189726710319519043e+00
8.445293903350830078e-01
8.295232802629470825e-02
1.443582177162170410e-01
-7.984455823898315430e-01
7.382141351699829102e-01
3.899132609367370605e-01
-4.565916359424591064e-01
1.674819290637969971e-01
1.352026700973510742e+00
8.108356595039367676e-01
1.175391912460327148e+00
1.088494062423706055e-02
7.213734388351440430e-01
1.410275936126708984e+00
-2.285903990268707275e-01
2.501827478408813477e-01
9.949970841407775879e-01
1.202247023582458496e+00
1.295144796371459961e+00
7.935616374015808105e-01
1.192074418067932129e-01
1.351810574531555176e+00
4.746319353580474854e-01
5.897350311279296875e-01
7.546019554138183594e-01
-3.356834352016448975e-01
1.084481000900268555e+00
9.911534190177917480e-01
4.025848507881164551e-01
1.842664241790771484e+00
3.405878841876983643e-01
-4.383970201015472412e-01
-6.490124464035034180e-01
4.875284135341644287e-01
7.148647308349609375e-01
1.706356287002563477e+00
6.784174442291259766e-01
6.201669573783874512e-01
-5.082959532737731934e-01
-4.197864234447479248e-01
7.813226580619812012e-01
6.353638768196105957e-01
1.516971111297607422e+00
6.684529185295104980e-01
4.624024033546447754e-01
3.347587883472442627e-01
-2.678815722465515137e-01
7.301357984542846680e-01
9.090593457221984863e-01
6.929008960723876953e-01
-7.781364917755126953e-01
4.173868298530578613e-01
9.854278564453125000e-01
1.178433656692504883e+00
-6.251944303512573242e-01
4.744959473609924316e-01
3.369679450988769531e-01
7.736968994140625000e-01
1.520272254943847656e+00
1.315808057785034180e+00
1.098685145378112793e+00
9.580585360527038574e-01
1.588833630084991455e-01
2.573084831237792969e-02
5.319599509239196777e-01
9.070450067520141602e-01
5.208371877670288086e-01
-9.896767139434814453e-02
1.388003587722778320e+00
-1.141728043556213379e+00
1.881005764007568359e-01
1.233344912528991699e+00
2.219507098197937012e-01
7.960292696952819824e-01
3.198204040527343750e-01
6.293496489524841309e-02
-6.023950576782226562e-01
1.676211655139923096e-01
2.853792309761047363e-01
4.784488677978515625e-01
1.225476861000061035e+00
4.589194953441619873e-01
1.053141951560974121e+00
8.092633485794067383e-01
9.136188030242919922e-01
1.131260991096496582e-01
1.362800598144531250e+00
1.422950267791748047e+00
-1.017684862017631531e-01
-1.230954080820083618e-01
3.161632418632507324e-01
1.139698863029479980e+00
9.211368560791015625e-01
8.754997253417968750e-01
7.807143926620483398e-01
1.105301380157470703e-01
9.587991237640380859e-02
1.051763176918029785e+00
6.735231876373291016e-01
7.674257755279541016e-01
4.882431924343109131e-01
-6.135362386703491211e-01
-2.331965863704681396e-01
-1.423874497413635254e-01
-8.531637191772460938e-01
3.726525306701660156e-01
5.470300912857055664e-01
-7.231034040451049805e-01
-1.028101146221160889e-01
5.602085590362548828e-02
-2.734616398811340332e-01
1.498867422342300415e-01
-1.239951372146606445e+00
-5.257350206375122070e-01
-1.191190719604492188e+00
-4.304679632186889648e-01
-1.088374376296997070e+00
-2.244567424058914185e-01
-4.757360219955444336e-01
8.864618837833404541e-02
7.016315460205078125e-01
-6.164702773094177246e-02
-1.382448077201843262e-01
-9.579077959060668945e-01
-4.533892869949340820e-01
-2.726979553699493408e-02
-8.776315450668334961e-01
-5.980993509292602539e-01
-3.843828439712524414e-01
-1.957222670316696167e-01
-8.817998766899108887e-01
7.201496362686157227e-01
-6.009774208068847656e-01
-1.017314672470092773e+00
4.510703384876251221e-01
-2.436537295579910278e-01
8.090418577194213867e-01
1.894351691007614136e-01
-9.696160554885864258e-01
-2.176928520202636719e-02
8.645145297050476074e-01
-9.262678027153015137e-02
-9.492169022560119629e-01
3.671894967555999756e-01
7.315844297409057617e-03
-1.837466061115264893e-01
-4.084084928035736084e-02
1.612128019332885742e+00
3.547072410583496094e-02
-6.304031014442443848e-01
7.462188005447387695e-01
-2.153136134147644043e-01
-7.723413705825805664e-01
-2.919722199440002441e-01
-5.321782827377319336e-02
8.461278676986694336e-01
-6.375172138214111328e-01
-5.923945903778076172e-01
1.362453401088714600e-01
-2.094101905822753906e-01
-6.738848686218261719e-01
-8.827741146087646484e-01
-3.447158336639404297e-01
1.943924129009246826e-01
-6.442772746086120605e-01
-5.771419405937194824e-01
-1.336677372455596924e-02
-6.307030916213989258e-01
6.982965469360351562e-01
1.292790323495864868e-01
-5.436804890632629395e-02
3.612729012966156006e-01
3.874998092651367188e-01
6.922334432601928711e-02
-5.157971978187561035e-01
-9.205557703971862793e-01
-7.160746455192565918e-01
-1.141168594360351562e+00
-2.967883050441741943e-01
-2.932139039039611816e-01
9.377467632293701172e-02
-5.244393348693847656e-01
-2.835932374000549316e-02
2.746611833572387695e+00
2.094425708055496216e-01
-4.359214901924133301e-01
-3.884367942810058594e-01
1.068049907684326172e+00
3.734985291957855225e-01
7.389678955078125000e-01
1.089976310729980469e+00
-7.761179208755493164e-01
6.646127700805664062e-01
9.684268832206726074e-01
7.553607821464538574e-01
-4.752506315708160400e-02
3.200991153717041016e-01
-1.283374577760696411e-01
-1.329486250877380371e+00
-8.749487400054931641e-01
-3.112602233886718750e-02
8.429473638534545898e-01
5.537254214286804199e-01
1.306353807449340820e+00
-3.046176731586456299e-01
-5.766515135765075684e-01
-7.007892727851867676e-01
4.596364498138427734e-01
-1.211156547069549561e-01
-1.488106548786163330e-01
7.860870361328125000e-01
-3.153432011604309082e-01
8.117141127586364746e-01
6.121820211410522461e-02
5.334759950637817383e-01
-4.147814810276031494e-01
-7.789972424507141113e-01
-1.016469150781631470e-01
-5.557985305786132812e-01
3.525944948196411133e-01
1.416365802288055420e-01
1.040042281150817871e+00
1.449909806251525879e+00
-9.295478463172912598e-02
8.502565622329711914e-01
1.289445400238037109e+00
1.405392765998840332e+00
-6.274484395980834961e-01
-5.029861927032470703e-01
6.432279348373413086e-01
1.504208207130432129e+00
3.871705234050750732e-01
5.513801574707031250e-01
-8.851662278175354004e-02
-1.738234162330627441e-01
2.038424015045166016e-01
-5.384016633033752441e-01
-6.385943889617919922e-01
4.394870400428771973e-01
-5.027905702590942383e-01
5.103496313095092773e-01
-2.429273724555969238e-02
-1.382073283195495605e+00
3.171261310577392578e+00
7.734048366546630859e-01
9.138171076774597168e-01
4.399412572383880615e-01
4.663279354572296143e-01
-5.212531983852386475e-02
-1.106009721755981445e+00
-1.099924564361572266e+00
6.739908456802368164e-01
1.188884854316711426e+00
-3.507070541381835938e-01
1.504651546478271484e+00
3.946759700775146484e-01
7.120776176452636719e-01
-5.242985486984252930e-01
4.356226027011871338e-01
-3.916897177696228027e-01
-1.359311461448669434e+00
1.601601839065551758e-01
1.043100655078887939e-02
-1.224079370498657227e+00
9.519138932228088379e-01
7.249836921691894531e-01
1.891438484191894531e+00
-5.284807682037353516e-01
3.271272778511047363e-01
-5.977104902267456055e-01
1.805071115493774414e+00
3.437440395355224609e-01
1.335248231887817383e+00
1.852848052978515625e+00
4.854013323783874512e-01
-5.523557960987091064e-02
-6.263282895088195801e-01
3.657835721969604492e-01
1.795762181282043457e-01
1.561245918273925781e+00
-6.327303647994995117e-01
1.286256313323974609e-01
1.810425221920013428e-01
3.005751073360443115e-01
9.784828424453735352e-01
-1.364663243293762207e+00
1.612321496009826660e+00
8.651269078254699707e-01
5.087462663650512695e-01
-2.032678127288818359e-01
2.303627133369445801e-01
-4.558767378330230713e-01
-6.086660027503967285e-01
-1.965900659561157227e-01
-1.270330101251602173e-01
-2.298596501350402832e-02
-5.770585536956787109e-01
3.643120527267456055e-01
-2.888575196266174316e-03
-5.182592868804931641e-01
1.357740163803100586e+00
4.073080122470855713e-01
1.321838796138763428e-01
4.720027446746826172e-01
7.112464904785156250e-01
2.926545739173889160e-01
1.314376354217529297e+00
-2.396002769470214844e+00
8.188667893409729004e-01
-3.194797635078430176e-01
3.213497996330261230e-01
4.318260252475738525e-01
-5.592553615570068359e-01
1.776927560567855835e-01
1.667834997177124023e+00
5.165737271308898926e-01
1.236328482627868652e-01
-4.885898530483245850e-01
3.658423721790313721e-01
1.901882648468017578e+00
1.278788089752197266e+00
9.697069525718688965e-01
-1.607836604118347168e+00
7.662395238876342773e-01
-1.617803573608398438e+00
2.652745842933654785e-01
-1.691687405109405518e-01
6.271235644817352295e-02
7.478847503662109375e-01
-7.656866312026977539e-02
1.157212629914283752e-02
4.716176986694335938e-01
1.212007045745849609e+00
4.202230572700500488e-01
6.127669811248779297e-01
1.212965846061706543e+00
2.021230906248092651e-01
3.933999538421630859e-01
9.241650700569152832e-01
2.065240144729614258e-01
1.067650079727172852e+00
8.135591745376586914e-01
-4.131749570369720459e-01
5.910474061965942383e-01
7.088661193847656250e-01
8.522881269454956055e-01
6.489010453224182129e-01
8.781498670578002930e-01
9.921329021453857422e-01
-2.035734653472900391e-01
4.831737875938415527e-01
3.629513978958129883e-01
-2.729068994522094727e-01
5.515101552009582520e-01
1.063850522041320801e-01
1.287887990474700928e-01
-7.964289188385009766e-01
2.534628510475158691e-01
8.063644170761108398e-01
3.468423485755920410e-01
8.448833227157592773e-01
9.168241024017333984e-01
-1.529058814048767090e-01
9.439748525619506836e-02
1.296314835548400879e+00
1.167608737945556641e+00
-2.507668733596801758e-02
-8.750367164611816406e-01
-4.581378102302551270e-01
8.974342346191406250e-01
-6.126991510391235352e-01
-4.339933991432189941e-01
-5.008212924003601074e-01
-7.130202054977416992e-01
2.545007705688476562e+00
1.215657889842987061e-01
-3.083634376525878906e-01
-2.376308739185333252e-01
4.646900892257690430e-01
-4.996780753135681152e-01
-2.537010312080383301e-01
1.023675203323364258e+00
-7.358444333076477051e-01
-4.765056371688842773e-01
8.671234846115112305e-01
1.350556850433349609e+00
3.851199150085449219e-02
5.763189196586608887e-01
4.192136526107788086e-01
-7.173941135406494141e-01
-4.906171858310699463e-01
-1.850172281265258789e-01
-3.576392233371734619e-01
5.199500322341918945e-01
9.129024744033813477e-01
5.951237678527832031e-01
-6.288838982582092285e-01
1.386220455169677734e+00
-8.405691385269165039e-01
-9.399750828742980957e-02
-8.212702274322509766e-01
-1.017536520957946777e-01
-1.803980469703674316e-01
2.522872686386108398e-01
9.926620721817016602e-01
6.031039357185363770e-02
-3.531495332717895508e-01
1.015302419662475586e+00
1.040198206901550293e+00
-4.685382544994354248e-01
-6.158516407012939453e-01
-6.377874612808227539e-01
-5.250864624977111816e-01
1.009427070617675781e+00
2.939779460430145264e-01
6.871880292892456055e-01
-2.140060663223266602e-01
3.287742435932159424e-01
-1.103532552719116211e+00
1.331660747528076172e-01
-7.214798331260681152e-01
1.741080880165100098e-01
-9.191881418228149414e-01
2.954601645469665527e-01
6.242401003837585449e-01
7.271248102188110352e-02
-9.522787332534790039e-01
-2.341418564319610596e-01
3.851071596145629883e-01
-2.525644302368164062e-01
1.057558208703994751e-01
-1.207016944885253906e+00
9.524531960487365723e-01
-2.741744816303253174e-01
1.866849064826965332e-01
7.701122760772705078e-01
3.324659168720245361e-02
-7.183922529220581055e-01
-4.873063862323760986e-01
-3.952748775482177734e-01
-4.932701885700225830e-01
-1.066530704498291016e+00
-1.001597404479980469e+00
1.055529236793518066e+00
2.612039446830749512e-01
-2.615685462951660156e-01
-1.183616280555725098e+00
-9.687930345535278320e-01
-7.176226377487182617e-01
-5.617387294769287109e-01
-5.880295038223266602e-01
-6.669621467590332031e-01
5.974004864692687988e-01
-8.604871630668640137e-01
8.147989511489868164e-01
8.603711724281311035e-01
-4.555824100971221924e-01
-9.504678249359130859e-01
1.188999414443969727e-01
-1.356595754623413086e+00
-1.498354077339172363e+00
9.165540337562561035e-01
3.256456851959228516e-01
-9.576901793479919434e-01
2.615454196929931641e-01
-1.646304428577423096e-01
4.369118511676788330e-01
-5.290569663047790527e-01
5.512896776199340820e-01
-6.475344300270080566e-01
-1.347179055213928223e+00
1.800502240657806396e-01
5.615812540054321289e-01
9.190516471862792969e-01
-5.395084619522094727e-01
9.075903892517089844e-01
-1.308306008577346802e-01
-1.899276673793792725e-02
4.461395740509033203e-02
-1.902672648429870605e-02
-3.523536622524261475e-01
7.736973762512207031e-01
-7.966434955596923828e-02
2.206171751022338867e-01
-7.625850439071655273e-01
-8.474811315536499023e-01
-1.119748830795288086e+00
7.839162349700927734e-01
6.979225873947143555e-01
-2.105517387390136719e-01
-4.422706365585327148e-02
-1.494771540164947510e-01
-5.576978325843811035e-01
4.444065690040588379e-02
3.403862714767456055e-01
-7.479304075241088867e-01
4.315685331821441650e-01
8.075450062751770020e-01
-7.072169780731201172e-01
1.234525084495544434e+00
3.643313348293304443e-01
-3.865794539451599121e-01
3.766000270843505859e-02
-5.020632147789001465e-01
1.325380355119705200e-01
-7.805070877075195312e-01
1.317663192749023438e+00
1.140932083129882812e+00
-1.155431345105171204e-01
-6.660658121109008789e-01
-1.180588245391845703e+00
-2.630005031824111938e-02
2.547062337398529053e-01
-1.155499219894409180e+00
-8.526945710182189941e-01
-1.059242606163024902e+00
-2.595719099044799805e-01
-2.401128411293029785e-01
1.752411723136901855e+00
-8.212587833404541016e-01
5.507779121398925781e-01
-2.829778194427490234e-01
-1.225207090377807617e+00
-2.071388512849807739e-01
-2.034748077392578125e+00
-7.225247621536254883e-01
6.074309349060058594e-04
5.540041327476501465e-01
-3.351751565933227539e-01
1.511519104242324829e-01
-7.886734008789062500e-01
-1.189926385879516602e+00
9.077149033546447754e-01
-1.093878746032714844e-01
-5.174338817596435547e-01
5.706373453140258789e-01
-1.067431211471557617e+00
-5.215125083923339844e-01
-2.693887352943420410e-01
-3.580701351165771484e-02
7.700524330139160156e-01
9.784066677093505859e-01
-8.861852884292602539e-01
2.391058802604675293e-01
-5.092374086380004883e-01
4.054719507694244385e-01
-5.495334267616271973e-01
6.477454900741577148e-01
-7.668191194534301758e-01
-1.746653467416763306e-01
-5.134975314140319824e-01
-5.592383146286010742e-01
-5.498887300491333008e-01
-1.251137375831604004e+00
6.785592436790466309e-01
5.731394290924072266e-01
8.941611647605895996e-02
-7.277895212173461914e-01
-1.289815902709960938e+00
-4.415244758129119873e-01
9.974687099456787109e-01
-8.835718631744384766e-01
-1.274016141891479492e+00
3.188955187797546387e-01
1.347014307975769043e+00
-4.474319517612457275e-01
-5.677019953727722168e-01
2.351489961147308350e-01
-5.136309862136840820e-01
-1.040963411331176758e+00
2.510412931442260742e-01
-6.563671231269836426e-01
-7.916913032531738281e-01
-9.282813072204589844e-01
-7.660982608795166016e-01
4.334141016006469727e-01
-6.325885653495788574e-01
9.430862069129943848e-01
1.895995736122131348e-01
6.426377296447753906e-01
6.866251826286315918e-01
-3.166146278381347656e-01
-6.443098783493041992e-01
-5.099267959594726562e-01
6.125087738037109375e-01
6.040117740631103516e-01
-3.501323461532592773e-01
-9.877977371215820312e-01
3.688414692878723145e-01
-7.767785787582397461e-01
5.512501299381256104e-02
1.701852083206176758e-01
3.735942542552947998e-01
1.274719119071960449e+00
-2.963637113571166992e-01
8.760339021682739258e-01
3.595670163631439209e-01
-1.595523357391357422e+00
5.405791401863098145e-01
1.904348134994506836e-01
-2.787640988826751709e-01
2.518839836120605469e-01
-5.935801267623901367e-01
-1.019973903894424438e-01
9.333710670471191406e-01
-7.828232049942016602e-01
-1.305835545063018799e-01
1.039812445640563965e+00
1.032161712646484375e+00
-5.163247585296630859e-01
-2.841861248016357422e-01
3.340537548065185547e-01
-4.877403080463409424e-01
-4.042312502861022949e-03
-6.558659672737121582e-02
-1.590318441390991211e+00
-3.053813874721527100e-01
-8.861178159713745117e-01
-7.191452980041503906e-01
1.221753597259521484e+00
5.059010982513427734e-01
6.377869844436645508e-01
-7.628479003906250000e-01
-8.261114358901977539e-02
-3.581595420837402344e-02
-8.004713058471679688e-02
-8.388682603836059570e-01
5.738676190376281738e-01
-7.183795571327209473e-01
-1.615956425666809082e-01
6.699914932250976562e-01
5.990074872970581055e-01
6.084761023521423340e-01
1.494548559188842773e+00
-1.751540899276733398e-01
6.404734253883361816e-01
7.682638168334960938e-01
-7.484126091003417969e-02
1.307955384254455566e-02
-6.421963572502136230e-01
9.158930778503417969e-01
-2.545686066150665283e-01
-2.917961478233337402e-01
7.466095685958862305e-01
3.415239155292510986e-01
1.123578190803527832e+00
7.542386651039123535e-01
-7.509230375289916992e-01
7.963088750839233398e-01
1.558750867843627930e-01
-1.151536941528320312e+00
1.727178394794464111e-01
-1.460871696472167969e+00
-6.799853444099426270e-01
-1.013131439685821533e-01
3.283333778381347656e-02
3.157271146774291992e-01
-4.488700330257415771e-01
5.540077686309814453e-01
-1.746905744075775146e-01
2.111477106809616089e-01
6.284075379371643066e-01
-1.129164934158325195e+00
9.228871464729309082e-01
-9.549514651298522949e-01
5.785341262817382812e-01
4.741274118423461914e-01
4.093743860721588135e-02
-9.162820577621459961e-01
3.216480314731597900e-01
1.333147525787353516e+00
-1.262134790420532227e+00
-1.167710125446319580e-01
2.837076187133789062e-01
-1.453941226005554199e+00
-4.355184435844421387e-01
2.477720975875854492e-01
-2.958511114120483398e-01
5.326716303825378418e-01
-1.439507246017456055e+00
1.355444550514221191e+00
-4.969228208065032959e-01
-1.548148989677429199e+00
-9.819405674934387207e-01
7.880821079015731812e-02
1.886176168918609619e-01
1.329495012760162354e-01
1.776281118392944336e+00
-5.639285445213317871e-01
-1.061940193176269531e+00
-1.643472015857696533e-01
5.311418771743774414e-01
2.690543532371520996e-01
-1.400527238845825195e+00
-3.325566947460174561e-01
6.310015916824340820e-01
8.540304303169250488e-01
1.290526390075683594e+00
9.119299054145812988e-02
-6.106369495391845703e-01
2.895076870918273926e-01
9.042975902557373047e-01
-9.064480662345886230e-01
-2.243809849023818970e-01
1.094903230667114258e+00
-9.646203517913818359e-01
-1.976531744003295898e-01
9.325627088546752930e-01
9.596737623214721680e-01
-6.639637947082519531e-01
1.818157732486724854e-01
-9.095692038536071777e-01
5.256227254867553711e-01
-7.458534240722656250e-01
-1.195823907852172852e+00
-1.072234511375427246e+00
6.500945091247558594e-01
-4.610663354396820068e-01
7.477208971977233887e-01
-9.274068474769592285e-02
1.398571133613586426e-01
7.929528355598449707e-01
-1.470674574375152588e-01
-2.135505080223083496e-01
1.121882349252700806e-01
-6.206776499748229980e-01
-1.255131959915161133e+00
-4.885849952697753906e-01
-5.823134779930114746e-01
-1.245214790105819702e-01
-1.513082236051559448e-01
-1.032943606376647949e+00
1.743432879447937012e-01
3.883928060531616211e-02
6.948319673538208008e-01
-7.719453573226928711e-01
-9.772107005119323730e-02
7.164337038993835449e-01
-9.262945652008056641e-01
-2.048122406005859375e+00
-5.161361396312713623e-02
-1.228076815605163574e+00
5.330257415771484375e-01
-2.606767416000366211e-01
-2.418367564678192139e-01
2.508760392665863037e-01
6.921917200088500977e-01
6.945371031761169434e-01
-3.139319121837615967e-01
4.791620373725891113e-01
-9.570932388305664062e-01
-7.678282260894775391e-01
-2.843810915946960449e-01
6.948681473731994629e-01
1.517846286296844482e-01
-2.933191061019897461e-01
-3.132151961326599121e-01
8.215724229812622070e-01
4.586648941040039062e-01
6.263989210128784180e-01
4.923515915870666504e-01
5.160500407218933105e-01
1.472238302230834961e+00
8.219295740127563477e-02
-1.269830316305160522e-01
-4.065604209899902344e-01
3.879189491271972656e-03
5.494095385074615479e-02
-1.200190186500549316e+00
-2.190809100866317749e-01
1.142066717147827148e-02
-5.753390192985534668e-01
4.041503906250000000e+00
4.961154460906982422e-01
-8.093422651290893555e-01
-1.402375698089599609e-01
-5.611500144004821777e-01
-1.048699975013732910e+00
-1.862606763839721680e+00
8.430310487747192383e-01
-5.925324559211730957e-01
1.316301673650741577e-01
1.986003518104553223e-01
-4.514818191528320312e-01
-1.117479205131530762e-01
3.122607171535491943e-01
-6.440660357475280762e-01
-8.043566346168518066e-02
-2.051504850387573242e-01
-4.395414888858795166e-01
-2.958436608314514160e-01
1.074836015701293945e+00
3.214977383613586426e-01
2.510224580764770508e-01
-1.310120820999145508e-01
-6.875214576721191406e-01
3.928800225257873535e-01
2.538684010505676270e-01
-2.238431572914123535e-02
2.748328447341918945e-02
-3.457554876804351807e-01
-4.719086587429046631e-01
-7.944087684154510498e-02
1.169266775250434875e-01
5.113083124160766602e-01
3.517790138721466064e-01
-3.296988010406494141e-01
-5.611407756805419922e-01
-5.269195437431335449e-01
8.310661315917968750e-01
-1.076055526733398438e+00
-2.992463707923889160e-01
-6.934224963188171387e-01
-4.614325463771820068e-01
-1.363319754600524902e-01
-2.784855365753173828e-01
-7.821890711784362793e-01
-4.348877668380737305e-01
1.348096489906311035e+00
4.551703929901123047e-01
5.183460712432861328e-01
1.599809169769287109e+00
5.873984098434448242e-01
-1.055317282676696777e+00
-3.434419035911560059e-01
-8.288747072219848633e-01
-1.176046729087829590e-01
6.470649242401123047e-01
-6.333581805229187012e-01
-1.054632067680358887e-01
-4.688202738761901855e-01
-5.778787136077880859e-01
-3.341022133827209473e-02
7.790244221687316895e-01
2.007785081863403320e+00
-7.036396861076354980e-02
8.483482599258422852e-01
5.409638285636901855e-01
-6.919716596603393555e-01
8.182554841041564941e-01
-1.596654534339904785e+00
6.567762494087219238e-01
4.914520978927612305e-01
4.528812766075134277e-01
-4.798291027545928955e-01
-4.928987622261047363e-01
-1.279416203498840332e+00
-6.405327320098876953e-01
-5.024096965789794922e-01
2.200406640768051147e-01
1.572039127349853516e-01
8.429977297782897949e-02
4.230207204818725586e-01
4.791240096092224121e-01
2.525591850280761719e-01
-1.902571916580200195e-01
-1.097089648246765137e+00
-4.769040942192077637e-01
-5.039259195327758789e-01
-4.958211183547973633e-01
-8.293691873550415039e-01
9.242570400238037109e-02
4.530667662620544434e-01
-1.619758009910583496e+00
3.376375436782836914e-01
5.735246539115905762e-01
1.128241777420043945e+00
-5.274882316589355469e-01
-6.529197096824645996e-01
1.700425744056701660e-01
2.596745491027832031e-01
4.566428661346435547e-01
1.116489171981811523e+00
-3.256428539752960205e-01
-7.941416651010513306e-02
-1.180549860000610352e+00
2.502605691552162170e-02
-8.948609828948974609e-01
-5.763278603553771973e-01
-2.294588834047317505e-01
7.442468404769897461e-02
-6.878527998924255371e-01
-2.451078891754150391e-01
5.384312868118286133e-01
5.059267282485961914e-01
1.044552475214004517e-01
-3.921013474464416504e-01
-5.046492815017700195e-02
-5.574108362197875977e-01
2.431184351444244385e-01
-1.041465997695922852e-02
-2.612910866737365723e-01
-9.874960184097290039e-01
1.782231628894805908e-01
-9.472874402999877930e-01
-3.604913651943206787e-01
9.728050827980041504e-01
1.583732664585113525e-01
4.413002431392669678e-01
3.872885704040527344e-01
3.457014262676239014e-02
5.669840574264526367e-01
-8.879413604736328125e-01
-4.411336779594421387e-02
2.044602036476135254e-01
-5.493254065513610840e-01
9.180182814598083496e-01
7.960959672927856445e-01
1.072328612208366394e-01
-8.151796460151672363e-01
-1.268529891967773438e+00
-1.049503087997436523e-01
-4.651699066162109375e-01
-1.421681940555572510e-01
5.768070220947265625e-01
-8.965057730674743652e-01
-2.891398966312408447e-01
-6.536471843719482422e-01
9.743781089782714844e-01
2.536546885967254639e-01
-6.415426731109619141e-01
2.226697802543640137e-01
-2.107752561569213867e-01
-1.887422204017639160e-01
-2.319381237030029297e-01
1.295729130506515503e-01
-2.099565863609313965e-01
-3.307482004165649414e-01
-4.425243139266967773e-01
1.499840259552001953e+00
4.601112008094787598e-01
1.235367536544799805e+00
-1.779690086841583252e-01
7.673025131225585938e-03
4.239982962608337402e-01
1.194163113832473755e-01
5.803653001785278320e-01
4.315820932388305664e-01
2.475112676620483398e-01
3.022386133670806885e-02
4.525676369667053223e-01
4.733508229255676270e-01
1.171608686447143555e+00
4.564718306064605713e-01
-4.052727222442626953e-01
-8.766773939132690430e-01
-2.704522013664245605e-02
-1.500529170036315918e+00
-4.832417964935302734e-01
4.828805923461914062e-01
5.121565461158752441e-01
-7.090302705764770508e-01
9.359233975410461426e-01
-6.322587728500366211e-01
9.063947200775146484e-01
6.897087693214416504e-01
1.700568497180938721e-01
-1.133448183536529541e-01
8.833110928535461426e-01
9.812902212142944336e-01
-2.644795179367065430e-01
-7.665716409683227539e-01
-2.541269361972808838e-01
-2.590810358524322510e-01
-2.614490687847137451e-02
-6.523399353027343750e-01
9.119302034378051758e-01
3.202337026596069336e-02
1.442961692810058594e-01
6.060096025466918945e-01
-2.024370431900024414e-02
-1.000226140022277832e+00
1.308863639831542969e+00
5.491858124732971191e-01
-7.904186844825744629e-01
-8.906477689743041992e-02
-2.856802940368652344e-01
1.389739215373992920e-01
1.488068819046020508e+00
-1.314967155456542969e+00
7.556774616241455078e-01
-1.573036432266235352e+00
1.339701890945434570e+00
-4.903977513313293457e-01
-6.173034906387329102e-01
-4.816791713237762451e-01
8.851391673088073730e-01
5.457149744033813477e-01
-1.195054292678833008e+00
-5.169606208801269531e-01
1.510915160179138184e-02
-5.751400589942932129e-01
1.333972096443176270e+00
9.985320568084716797e-01
-3.591839969158172607e-01
9.629104137420654297e-01
1.205597519874572754e-01
-4.252129793167114258e-02
-4.721509814262390137e-01
-1.955524086952209473e-02
-2.516120672225952148e-01
1.508803963661193848e+00
-9.214452505111694336e-01
-1.494809985160827637e-01
3.812192380428314209e-02
-9.764921665191650391e-02
1.213804960250854492e+00
2.559184432029724121e-01
-4.573973119258880615e-01
6.552438139915466309e-01
-9.312805533409118652e-01
-6.270789504051208496e-01
1.579396128654479980e-01
4.873209297657012939e-01
-7.147220373153686523e-01
-1.081055164337158203e+00
6.197947263717651367e-02
-4.982716441154479980e-01
7.857655286788940430e-01
4.189794361591339111e-01
-1.062384247779846191e-01
-4.804996848106384277e-01
-2.451841533184051514e-01
-5.582292079925537109e-01
1.007906436920166016e+00
-9.534702897071838379e-01
-6.294492483139038086e-01
-6.696127653121948242e-01
1.483836174011230469e-01
-7.454091310501098633e-01
1.107742667198181152e+00
1.176817655563354492e+00
-7.245575189590454102e-01
-4.043341875076293945e-01
2.480863928794860840e-01
6.289042234420776367e-01
1.002699375152587891e+00
-1.825933456420898438e-01
-1.475498676300048828e-01
-4.369963109493255615e-01
-1.430789232254028320e-01
3.124735355377197266e-01
6.163044571876525879e-01
-1.143000125885009766e+00
-5.248719453811645508e-02
1.757919073104858398e+00
8.311638832092285156e-01
2.437090575695037842e-01
-1.776749193668365479e-01
-1.174459457397460938e+00
-3.618625104427337646e-01
-1.388800621032714844e+00
-6.406142711639404297e-01
1.644062399864196777e-01
7.538222670555114746e-01
-4.043094813823699951e-01
-1.070858240127563477e+00
1.020008802413940430e+00
-1.958820104598999023e+00
1.006192564964294434e-01
-1.777225971221923828e+00
-8.273845911026000977e-01
4.437997937202453613e-02
-4.608721733093261719e-01
-7.654684185981750488e-01
1.386643052101135254e-01
-2.884513437747955322e-01
8.584913611412048340e-02
-3.117638528347015381e-01
7.181313037872314453e-01
4.740371406078338623e-01
-9.732648134231567383e-01
-8.645715713500976562e-01
-6.800693273544311523e-01
-2.758907973766326904e-01
8.012908697128295898e-02
-3.907803595066070557e-01
1.790833473205566406e-02
-2.395123243331909180e-02
-1.236321330070495605e+00
-5.797508955001831055e-01
2.313054203987121582e-01
-1.180189847946166992e-01
4.457916319370269775e-02
1.141713857650756836e-01
-1.890525460243225098e+00
-3.373125493526458740e-01
2.518510222434997559e-01
-1.309565067291259766e+00
-5.994492769241333008e-01
-4.815605282783508301e-02
-9.667754173278808594e-03
-7.936658859252929688e-01
7.351930439472198486e-02
-8.394559621810913086e-01
-1.215345859527587891e-01
-5.409528017044067383e-01
-1.240341067314147949e+00
-1.214028716087341309e+00
2.943293452262878418e-01
2.064066082239151001e-01
-1.832572221755981445e-01
-1.147020816802978516e+00
1.462380588054656982e-01
-4.501874446868896484e-01
-3.761318922042846680e-01
1.659874200820922852e+00
-6.161687374114990234e-01
-2.711412012577056885e-01
-1.277906894683837891e-01
9.734103083610534668e-01
-1.680493354797363281e+00
-1.281494498252868652e-01
-1.045649886131286621e+00
1.416159868240356445e-01
1.010414838790893555e+00
-3.518111109733581543e-01
3.066237270832061768e-02
-5.671170949935913086e-01
-5.110111236572265625e-01
-1.129029750823974609e+00
-9.190692901611328125e-01
-1.471573114395141602e+00
-1.019587039947509766e+00
-5.149640440940856934e-01
5.186633467674255371e-01
-8.555409908294677734e-01
-4.573869705200195312e-01
1.295852661132812500e-02
-2.004765570163726807e-01
-5.212880373001098633e-01
4.049538969993591309e-01
3.354144096374511719e-01
-1.339744210243225098e+00
2.676571607589721680e-01
7.819950580596923828e-02
7.610260844230651855e-01
-4.389649331569671631e-01
4.209699630737304688e-01
-8.222467899322509766e-01
7.091180682182312012e-01
-1.350064873695373535e-01
3.174301981925964355e-01
5.385502576828002930e-01
-3.059706687927246094e-01
-6.065905094146728516e-02
1.898457109928131104e-02
-5.383367538452148438e-01
-5.829373002052307129e-02
2.273601293563842773e-02
-6.012248992919921875e-01
6.374365091323852539e-01
2.553371787071228027e-01
3.947764635086059570e-01
1.405179500579833984e-01
-1.061034321784973145e+00
-2.309767305850982666e-01
8.073735237121582031e-01
-1.642074584960937500e-01
6.247318983078002930e-01
-1.243048906326293945e-01
-1.200132846832275391e+00
1.683811187744140625e+00
8.815284371376037598e-01
-4.021865427494049072e-01
-1.004794239997863770e+00
-5.259104967117309570e-01
1.464698314666748047e-01
4.568712413311004639e-01
-6.122424006462097168e-01
6.110031604766845703e-01
4.193871915340423584e-01
-3.596015870571136475e-01
-1.299661397933959961e-02
8.515282869338989258e-01
-2.831172943115234375e-01
2.163285613059997559e-01
-3.239243924617767334e-01
-4.393314719200134277e-01
5.326731204986572266e-01
-9.159433841705322266e-01
-5.427914857864379883e-01
-3.428250253200531006e-01
6.685121655464172363e-01
1.313030719757080078e-03
-6.080871820449829102e-01
-7.273378372192382812e-01
-8.746395111083984375e-01
-9.249950647354125977e-01
-1.123408317565917969e+00
6.378631591796875000e-01
1.017406940460205078e+00
-6.943394541740417480e-01
-1.422862052917480469e+00
5.301573276519775391e-01
-2.812700867652893066e-01
2.354527711868286133e+00
-9.949611425399780273e-01
1.055803060531616211e+00
-8.064631223678588867e-01
-7.956243753433227539e-01
7.077610492706298828e-01
-1.162052631378173828e+00
-6.773075461387634277e-01
-2.022259235382080078e+00
-9.098184704780578613e-01
-8.840181827545166016e-01
-2.544336915016174316e-01
-7.819133400917053223e-01
-4.410772323608398438e-01
-4.560526311397552490e-01
-2.732826471328735352e-01
-8.613631725311279297e-01
3.055597543716430664e-01
-1.705379605293273926e+00
-1.291697621345520020e-01
2.953029274940490723e-01
-8.206848502159118652e-01
-1.690500676631927490e-01
5.902650356292724609e-01
4.786217510700225830e-01
-2.774453759193420410e-01
1.411689639091491699e+00
-7.716988325119018555e-01
-1.059308409690856934e+00
1.010315775871276855e+00
-9.287546277046203613e-01
7.192115187644958496e-01
-2.098261713981628418e-01
-3.753435611724853516e-02
1.043731570243835449e+00
2.564119994640350342e-01
1.647680103778839111e-01
1.956931948661804199e-01
-4.439665377140045166e-01
-7.509185075759887695e-01
-1.939930319786071777e-01
-4.934779405593872070e-01
-8.579727411270141602e-01
1.056675553321838379e+00
-2.766937017440795898e-03
-7.828459143638610840e-01
1.513630986213684082e+00
-5.363054871559143066e-01
-4.625767469406127930e-01
2.655523121356964111e-01
6.550345569849014282e-02
-4.790234565734863281e-01
1.371933937072753906e+00
-3.429540991783142090e-01
1.843976378440856934e+00
-2.693819999694824219e-01
-6.240600943565368652e-01
5.669807791709899902e-01
3.549537062644958496e-02
7.511343955993652344e-01
-5.372002124786376953e-01
5.097786188125610352e-01
-1.343003660440444946e-01
4.352415502071380615e-01
3.483569622039794922e-01
7.544829845428466797e-01
1.556658625602722168e+00
-6.116058826446533203e-01
-8.293443918228149414e-01
-3.481861352920532227e-01
1.493351459503173828e-01
-8.041009902954101562e-01
-9.559526443481445312e-01
5.071359872817993164e-01
3.673611879348754883e-01
-5.191806554794311523e-01
4.434977173805236816e-01
9.864454865455627441e-01
2.156312763690948486e-01
-8.313848078250885010e-02
1.525832772254943848e+00
1.397401690483093262e-01
-4.286438822746276855e-01
8.998308777809143066e-01
7.387950420379638672e-01
-4.951633214950561523e-01
-3.790758848190307617e-01
-5.261950492858886719e-01
-7.762420177459716797e-01
2.362116724252700806e-01
1.337906569242477417e-01
3.378494828939437866e-02
-2.859036922454833984e-01
-1.341280043125152588e-01
4.682633280754089355e-01
-7.096570730209350586e-01
-1.169024825096130371e+00
-2.683350145816802979e-01
5.476929992437362671e-02
-1.958163082599639893e-01
7.805828452110290527e-01
-1.165969848632812500e+00
9.201827645301818848e-01
1.148795604705810547e+00
-7.090122103691101074e-01
4.480329155921936035e-01
2.764810323715209961e-01
-2.646815180778503418e-01
-6.129921674728393555e-01
-1.048349618911743164e+00
-4.360387921333312988e-01
-1.069894313812255859e+00
3.626205921173095703e-01
-6.842716932296752930e-01
-5.671869516372680664e-01
-1.099997997283935547e+00
2.151370942592620850e-01
-3.345238566398620605e-01
9.566023945808410645e-04
-1.485377430915832520e+00
5.836057662963867188e-02
-6.417387127876281738e-01
-7.186241745948791504e-01
-1.492626667022705078e+00
9.595311880111694336e-01
2.564914226531982422e-01
8.544611930847167969e-01
7.866635322570800781e-01
-1.601450085639953613e+00
-5.375950932502746582e-01
-5.072367191314697266e-02
-1.358813285827636719e+00
-2.008303403854370117e-01
-1.439268887042999268e-01
5.849355459213256836e-02
-1.051316022872924805e+00
9.971407651901245117e-01
-1.143124938011169434e+00
-1.576416134834289551e+00
-5.678297877311706543e-01
1.477650851011276245e-01
-1.768858432769775391e-01
4.445784091949462891e-01
8.442365527153015137e-01
8.138497918844223022e-02
-7.975491285324096680e-01
5.880391001701354980e-01
-6.499416232109069824e-01
-6.489702463150024414e-01
-3.278635442256927490e-01
2.646627724170684814e-01
-8.320583403110504150e-02
3.718784153461456299e-01
-3.687249422073364258e-01
-7.607607841491699219e-01
-1.187492370605468750e+00
5.661994218826293945e-02
-3.096606433391571045e-01
-8.824033141136169434e-01
-1.023528814315795898e+00
3.815767467021942139e-01
5.871883034706115723e-01
-1.077791571617126465e+00
-1.426210999488830566e-02
-5.977118611335754395e-01
-7.014641165733337402e-02
5.129886865615844727e-01
8.948478698730468750e-01
1.438517570495605469e-01
-3.794718980789184570e-01
3.305853605270385742e-01
-2.692407965660095215e-01
-7.138998508453369141e-01
-1.440561652183532715e+00
-5.140917003154754639e-02
-1.010377049446105957e+00
-4.188506007194519043e-01
-9.659572839736938477e-01
6.158838272094726562e-01
3.898019194602966309e-01
5.442501902580261230e-01
-8.895024061203002930e-01
3.298463225364685059e-01
