1.614274263381958008e+00
2.689174175262451172e+00
4.566755890846252441e-01
9.343438744544982910e-01
8.178786635398864746e-01
-1.051381975412368774e-01
1.433565378189086914e+00
-8.773571252822875977e-02
5.306139588356018066e-01
9.400680661201477051e-01
1.176624655723571777e+00
2.838773727416992188e+00
1.725517272949218750e+00
3.646277189254760742e+00
2.914071083068847656e+00
4.246490001678466797e-01
-6.883653998374938965e-02
-5.749958157539367676e-01
1.118504762649536133e+00
9.640513062477111816e-01
2.494421958923339844e+00
-2.520170807838439941e-01
5.561640262603759766e-01
9.565579891204833984e-01
6.371538043022155762e-01
4.728050827980041504e-01
4.036341309547424316e-01
1.356340765953063965e+00
3.757892847061157227e-01
1.392329931259155273e+00
6.982268095016479492e-01
5.741105079650878906e-01
2.744288921356201172e+00
-1.687857210636138916e-01
7.556908130645751953e-01
7.962071895599365234e-01
1.272343277931213379e+00
5.212974548339843750e-01
1.312203407287597656e+00
3.560339212417602539e-01
1.710981726646423340e+00
2.039894819259643555e+00
6.178671121597290039e-01
1.414919137954711914e+00
4.871135950088500977e-02
-3.482590913772583008e-01
5.762840509414672852e-01
2.217264175415039062e+00
2.188366651535034180e+00
1.744821667671203613e+00
1.773495435714721680e+00
7.688382267951965332e-02
1.276736140251159668e+00
5.511397123336791992e-01
8.757000565528869629e-01
8.546961545944213867e-01
1.903479099273681641e+00
-2.643774449825286865e-02
1.263703942298889160e+00
1.218633294105529785e+00
5.770381689071655273e-01
3.020385265350341797e+00
1.057361602783203125e+00
1.927179574966430664e+00
3.702453374862670898e-01
8.095704913139343262e-01
6.436407566070556641e-01
1.679306507110595703e+00
4.429444074630737305e-01
2.616955280303955078e+00
2.705381393432617188e+00
8.259857892990112305e-01
1.013505458831787109e+00
1.079257130622863770e+00
4.651109576225280762e-01
2.055929899215698242e+00
1.079577207565307617e+00
5.991138219833374023e-01
2.159037113189697266e+00
2.103671789169311523e+00
-2.048556059598922729e-01
9.668457508087158203e-01
3.061301231384277344e+00
1.116665124893188477e+00
2.626541614532470703e+00
2.962946414947509766e+00
5.965787172317504883e-01
-1.235581755638122559e+00
9.067694544792175293e-01
3.542589902877807617e+00
8.244212865829467773e-01
1.871894001960754395e+00
3.318925857543945312e+00
8.872053623199462891e-01
8.836890459060668945e-01
2.588520050048828125e-01
6.610185503959655762e-01
9.073521494865417480e-01
9.945234060287475586e-01
1.023457199335098267e-02
1.559570789337158203e+00
4.499475955963134766e-01
2.877522468566894531e+00
2.873966097831726074e-01
1.664498805999755859e+00
6.498854756355285645e-01
7.416215538978576660e-01
2.410676479339599609e+00
2.189338207244873047e-02
-1.472492098808288574e+00
-2.010717988014221191e-01
4.738103151321411133e-01
-3.331167101860046387e-01
3.104639947414398193e-01
-3.574970364570617676e-01
-8.583416342735290527e-01
-1.898198276758193970e-01
-6.916865706443786621e-03
-7.085525989532470703e-02
-8.285669088363647461e-01
3.649923503398895264e-01
6.284558773040771484e-01
-8.390254974365234375e-01
-6.529297232627868652e-01
-8.159445524215698242e-01
1.174718439579010010e-01
2.595561146736145020e-01
-8.244670033454895020e-01
-9.255027174949645996e-01
-2.083669751882553101e-01
-6.223772764205932617e-01
3.095874786376953125e-01
-3.174941539764404297e-01
2.810985445976257324e-01
1.004407852888107300e-01
3.640208244323730469e-01
1.047995328903198242e+00
-5.848355293273925781e-01
-1.128188967704772949e-01
4.495615065097808838e-01
-8.783469200134277344e-01
-3.706764876842498779e-01
6.687874197959899902e-01
-6.350528001785278320e-01
1.930235028266906738e+00
7.485177516937255859e-01
-7.890555262565612793e-02
-3.079462051391601562e-02
2.531922340393066406e+00
-3.815366625785827637e-01
-2.807757556438446045e-01
-6.447384357452392578e-01
-1.258512139320373535e-01
5.618205070495605469e-01
9.579864144325256348e-02
4.851468503475189209e-01
-3.066976368427276611e-01
7.017917633056640625e-01
-2.752652168273925781e-01
-4.703693985939025879e-01
-4.283995628356933594e-01
-1.126577496528625488e+00
-9.296004176139831543e-01
8.211045265197753906e-01
-1.791051030158996582e-01
4.501739442348480225e-01
9.901369214057922363e-01
1.029508411884307861e-01
-7.800225913524627686e-02
-6.105132102966308594e-01
1.007346749305725098e+00
-1.171129345893859863e+00
-7.761636972427368164e-01
-9.806535840034484863e-01
-2.421996891498565674e-01
-8.903275728225708008e-01
-2.076203227043151855e-01
-7.801622152328491211e-02
1.235864877700805664e+00
-1.035599708557128906e-01
4.893885552883148193e-02
2.496964335441589355e-01
-1.651511192321777344e-01
-1.019953131675720215e+00
-7.979924678802490234e-01
8.649898767471313477e-01
5.424860119819641113e-02
1.846872270107269287e-01
-2.443730682134628296e-01
-1.443440675735473633e+00
-2.386639416217803955e-01
-7.992768287658691406e-01
-8.723743557929992676e-01
-3.880710005760192871e-01
-5.456143617630004883e-01
-2.193609476089477539e-01
-8.283439874649047852e-01
3.519497513771057129e-01
-1.337880611419677734e+00
2.421675920486450195e-01
-7.590661644935607910e-01
-4.277531504631042480e-01
-2.132003784179687500e+00
6.532233953475952148e-02
6.136277318000793457e-01
4.218430817127227783e-01
1.323437094688415527e-01
1.854788661003112793e-01
-5.375924110412597656e-01
-6.000300645828247070e-01
-2.326283007860183716e-01
6.739425659179687500e-02
-1.186716079711914062e+00
4.815247654914855957e-01
3.888783454895019531e-01
1.979997754096984863e-02
-2.327782213687896729e-01
-4.361918270587921143e-01
-9.122117757797241211e-01
2.241679877042770386e-01
1.219610691070556641e+00
-3.641430288553237915e-02
-1.523084163665771484e+00
9.664382338523864746e-01
1.124458193778991699e+00
-2.567485868930816650e-01
-8.712352514266967773e-01
1.082848668098449707e+00
5.865710377693176270e-01
-1.108184099197387695e+00
8.335371613502502441e-01
1.396043449640274048e-01
-1.293682098388671875e+00
-1.395461320877075195e+00
5.921560525894165039e-01
1.010680437088012695e+00
3.430102467536926270e-01
-5.108121037483215332e-02
4.207438230514526367e-01
-1.252771019935607910e+00
2.270320057868957520e-01
1.083060860633850098e+00
2.152318060398101807e-01
1.427337765693664551e+00
-3.325755000114440918e-01
1.118264436721801758e+00
8.344269990921020508e-01
6.775769591331481934e-01
5.734586715698242188e-02
1.712998151779174805e-01
-1.222858548164367676e+00
-5.843746662139892578e-01
8.366843461990356445e-01
-2.292372286319732666e-02
-3.288808465003967285e-01
-3.650217056274414062e-01
2.667800486087799072e-01
1.078594565391540527e+00
-4.921326041221618652e-01
3.979465961456298828e-01
5.258100032806396484e-01
5.214207172393798828e-01
-6.670535802841186523e-01
-8.433826565742492676e-01
-1.694800555706024170e-01
5.658519268035888672e-01
-7.921680212020874023e-01
1.265305995941162109e+00
1.008218526840209961e+00
-9.833335876464843750e-03
-7.671457529067993164e-01
-1.627357125282287598e+00
-1.458583593368530273e+00
6.093728542327880859e-01
-3.162887692451477051e-02
-3.142905712127685547e+00
4.332085549831390381e-01
-4.802418649196624756e-01
9.794265031814575195e-02
-3.278912603855133057e-01
-1.988023519515991211e-01
-1.867457985877990723e+00
1.260369539260864258e+00
-6.638072729110717773e-01
-1.786609143018722534e-01
1.103473901748657227e+00
3.325209021568298340e-02
-7.978847622871398926e-01
2.145838141441345215e-01
4.436002373695373535e-01
2.169649302959442139e-01
-4.046772122383117676e-01
1.409045457839965820e+00
-2.017794549465179443e-02
1.167171001434326172e+00
-3.941279649734497070e-02
1.078642249107360840e+00
-9.508606195449829102e-01
5.774575471878051758e-01
-1.799322366714477539e+00
7.674357295036315918e-02
-8.661170005798339844e-01
1.172505140304565430e+00
-1.365709304809570312e-02
3.608772456645965576e-01
3.445029258728027344e-01
-2.092765420675277710e-01
-3.757451474666595459e-01
1.522395014762878418e-02
3.772296309471130371e-01
7.405475378036499023e-01
7.484843134880065918e-01
-2.924567461013793945e-01
-1.467451214790344238e+00
-1.524598479270935059e+00
1.795926094055175781e+00
5.411990880966186523e-01
7.154145836830139160e-01
9.094392657279968262e-01
-9.909300804138183594e-01
-8.335433006286621094e-01
3.748703896999359131e-01
-4.771997630596160889e-01
1.547935605049133301e-01
-9.819927811622619629e-01
4.961265325546264648e-01
-1.204261898994445801e+00
8.225744366645812988e-01
1.414888501167297363e+00
-1.241322994232177734e+00
-9.631879329681396484e-01
1.486300945281982422e+00
1.422768712043762207e+00
3.365147709846496582e-01
8.463504314422607422e-01
-4.204314053058624268e-01
1.622329056262969971e-01
6.094388365745544434e-01
-1.125169277191162109e+00
4.594777524471282959e-01
8.672291636466979980e-01
-6.604432463645935059e-01
1.286696940660476685e-01
-1.325912326574325562e-01
-3.175202012062072754e-02
-6.877999305725097656e-01
2.867968082427978516e-01
1.109987348318099976e-01
-5.651291608810424805e-01
-1.023936152458190918e+00
5.713279247283935547e-01
-1.260163187980651855e+00
-1.412446498870849609e+00
-5.792627334594726562e-01
-1.267261266708374023e+00
-1.149996876716613770e+00
1.117055535316467285e+00
1.777909755706787109e+00
-4.530048370361328125e-01
-1.781740784645080566e-01
-8.906600475311279297e-01
-3.554558753967285156e-01
1.169504225254058838e-01
7.762463092803955078e-01
-1.625443100929260254e-01
1.643139123916625977e-02
-1.083806902170181274e-01
1.950829744338989258e+00
-1.125227928161621094e+00
2.070864200592041016e+00
6.577837467193603516e-01
3.482969105243682861e-01
-9.071283936500549316e-01
-5.674333572387695312e-01
-6.136909127235412598e-02
9.197031259536743164e-01
1.489654064178466797e+00
1.957712322473526001e-02
-7.313343286514282227e-01
8.044478297233581543e-01
5.489552021026611328e-01
2.502315342426300049e-01
-1.058627009391784668e+00
3.543725311756134033e-01
9.942011237144470215e-01
2.043350487947463989e-01
-7.609716057777404785e-02
-2.468773573637008667e-01
8.039566278457641602e-01
-2.305734753608703613e-01
4.952747225761413574e-01
-7.170483469963073730e-02
6.162786483764648438e-01
-9.733601808547973633e-01
-7.144050002098083496e-01
-5.834951400756835938e-01
8.289105892181396484e-01
9.398539066314697266e-01
-1.138298511505126953e+00
8.530732393264770508e-01
9.681029319763183594e-01
-5.514294505119323730e-01
6.689927577972412109e-01
4.729190170764923096e-01
1.762457847595214844e+00
9.322398304939270020e-01
4.852018952369689941e-01
5.662486553192138672e-01
-2.207708060741424561e-01
-1.103955507278442383e+00
-1.613799571990966797e+00
1.501409113407135010e-01
1.190201044082641602e+00
-5.201634168624877930e-01
5.157942771911621094e-01
-4.958345293998718262e-01
2.298800647258758545e-01
-8.476108908653259277e-01
5.112893581390380859e-01
-4.590296745300292969e-01
-1.882591843605041504e-02
-1.995495557785034180e-01
-1.377437114715576172e-01
-4.433202445507049561e-01
-9.948426485061645508e-01
-2.058847546577453613e-01
3.768379390239715576e-01
-6.232265830039978027e-01
1.181586459279060364e-01
7.175592184066772461e-01
-6.565865874290466309e-01
-3.500697016716003418e-02
1.822698116302490234e-01
-2.148455142974853516e+00
7.446207106113433838e-03
-5.094705820083618164e-01
-1.033062934875488281e-01
6.767447292804718018e-02
5.334447622299194336e-01
2.893567085266113281e-03
5.122430324554443359e-01
-1.969392448663711548e-01
-5.853703022003173828e-01
3.257017731666564941e-01
-6.736245751380920410e-02
-6.398030519485473633e-01
2.030569016933441162e-01
5.376456975936889648e-01
9.808646440505981445e-01
-5.829994082450866699e-01
1.919519782066345215e+00
3.646886944770812988e-01
1.123390555381774902e+00
-9.692940115928649902e-01
-8.209558129310607910e-01
4.607089459896087646e-01
1.526117324829101562e-03
1.421642899513244629e-01
4.317329227924346924e-01
4.645801186561584473e-01
5.207641124725341797e-01
-9.906949847936630249e-02
-2.645641088485717773e+00
-5.052256584167480469e-02
-1.878114044666290283e-01
2.791186571121215820e-01
-5.029343962669372559e-01
-6.151373386383056641e-01
7.563814520835876465e-02
-6.667666435241699219e-01
3.676148653030395508e-01
-8.495486974716186523e-01
-2.223519086837768555e-01
-3.529760241508483887e-02
4.641139507293701172e-01
-1.161738634109497070e+00
9.067767262458801270e-01
3.776460886001586914e-01
2.761588990688323975e-02
-2.551335096359252930e-01
-2.840548157691955566e-01
1.265313982963562012e+00
3.235285878181457520e-01
6.431307196617126465e-01
-9.240322113037109375e-01
1.428762555122375488e+00
-1.790223121643066406e+00
-1.922342777252197266e-01
-4.921345412731170654e-01
-4.283113777637481689e-01
-1.025731682777404785e+00
-3.283389806747436523e-01
6.658753752708435059e-01
7.136253714561462402e-01
-2.747856974601745605e-01
2.222068607807159424e-01
1.262265205383300781e+00
8.597290515899658203e-01
-1.369961798191070557e-01
8.796011805534362793e-01
6.583991646766662598e-02
-8.118647933006286621e-01
-1.961551785469055176e+00
-1.499091833829879761e-02
-4.322397708892822266e-01
-3.781890571117401123e-01
-6.338063478469848633e-01
-4.015684127807617188e-01
-2.253251314163208008e+00
8.390355110168457031e-02
-6.390053033828735352e-01
-8.667224645614624023e-01
1.712019890546798706e-01
-8.155829310417175293e-01
-4.003953337669372559e-01
-1.962037563323974609e+00
7.497870922088623047e-02
9.114069938659667969e-01
-2.352923154830932617e-03
9.225341677665710449e-02
-1.241398826241493225e-01
3.806245625019073486e-01
-2.415565401315689087e-02
-1.007005572319030762e-01
9.094297885894775391e-01
2.660906612873077393e-01
-9.161734580993652344e-01
-1.833844631910324097e-01
2.070256173610687256e-01
-2.098446786403656006e-01
-1.203435659408569336e+00
6.302205324172973633e-01
9.031947255134582520e-01
-7.123826742172241211e-01
2.301044464111328125e-01
1.116049811244010925e-01
-1.402863025665283203e+00
1.006511211395263672e+00
-4.321053922176361084e-01
-4.937849044799804688e-01
-1.229380607604980469e+00
2.509210407733917236e-01
-3.025791943073272705e-01
-4.716407656669616699e-01
-1.963264822959899902e+00
-1.725280880928039551e+00
1.068463683128356934e+00
2.209910899400711060e-01
-5.023151040077209473e-01
-6.159708499908447266e-01
-1.035413503646850586e+00
-9.131199121475219727e-02
-5.074485540390014648e-01
7.426697015762329102e-02
2.178889811038970947e-01
-1.035277843475341797e+00
-4.249594211578369141e-01
-3.577523231506347656e-01
-9.009364247322082520e-02
-1.063147902488708496e+00
-2.309230715036392212e-01
-1.270223617553710938e+00
-2.025032043457031250e-01
8.303680419921875000e-01
1.070463895797729492e+00
9.291754961013793945e-01
8.377792835235595703e-01
5.832589268684387207e-01
1.909916549921035767e-01
2.162196636199951172e-01
-1.876016259193420410e-01
7.897193431854248047e-01
7.327256798744201660e-01
6.142461895942687988e-01
1.599853932857513428e-01
1.448359489440917969e-01
2.371184825897216797e-01
-3.901050090789794922e-01
-8.542766571044921875e-01
-6.063280105590820312e-01
-1.064040184020996094e+00
3.848282098770141602e-01
1.105681419372558594e+00
-3.641119003295898438e-01
-1.956014275550842285e+00
-8.008528947830200195e-01
-6.812609434127807617e-01
-7.832165956497192383e-01
-2.188756227493286133e+00
5.638084411621093750e-01
6.865892559289932251e-02
-9.316507577896118164e-01
-1.802626132965087891e+00
-8.426174521446228027e-02
-2.944599688053131104e-01
3.069797158241271973e-01
1.461607217788696289e-01
7.010632157325744629e-01
7.563267350196838379e-01
-1.377888202667236328e+00
-2.751823186874389648e+00
-1.453370809555053711e+00
4.912286400794982910e-01
-4.017510116100311279e-01
-1.147941231727600098e+00
-6.134176850318908691e-01
6.323279142379760742e-01
3.068813681602478027e-01
-7.544600963592529297e-01
-5.440979003906250000e-01
6.622457504272460938e-01
9.126915931701660156e-01
1.327822685241699219e+00
-2.646940648555755615e-01
-4.732494354248046875e-01
-1.304682850837707520e+00
6.444418430328369141e-02
6.945943832397460938e-01
6.094411015510559082e-02
1.039202213287353516e+00
-7.703938484191894531e-01
-6.603823900222778320e-01
-3.526384532451629639e-01
-2.244559228420257568e-01
-2.760187387466430664e-01
-1.619062274694442749e-01
-8.281046748161315918e-01
-9.399132728576660156e-01
1.114763379096984863e+00
5.076907575130462646e-02
4.769733250141143799e-01
8.520859479904174805e-02
2.697326838970184326e-01
-3.703266084194183350e-01
-1.811497509479522705e-01
-1.548607826232910156e+00
9.261542558670043945e-02
-1.065149784088134766e+00
1.269240021705627441e+00
2.333837300539016724e-01
6.561924815177917480e-01
-1.057787179946899414e+00
1.108074188232421875e+00
-1.028227806091308594e-02
-1.538376092910766602e+00
1.259515881538391113e-01
-1.452553272247314453e+00
-9.011578559875488281e-01
-4.151305258274078369e-01
8.969726562500000000e-01
-2.163829207420349121e-01
-8.278687000274658203e-01
5.817674100399017334e-03
-4.530827701091766357e-02
-7.139478921890258789e-01
-7.388941049575805664e-01
1.554789543151855469e-01
-2.424535155296325684e-01
1.428934484720230103e-01
-1.731073975563049316e+00
1.168004512786865234e+00
4.508914947509765625e-01
4.076493382453918457e-01
2.127476334571838379e-01
-2.150891304016113281e+00
-2.080947875976562500e+00
-5.429159998893737793e-01
2.180685997009277344e-01
7.832741737365722656e-02
-6.702520847320556641e-01
8.571125864982604980e-01
-1.004292368888854980e+00
-3.068375289440155029e-01
8.548676967620849609e-01
4.319695234298706055e-01
-9.957057237625122070e-02
1.849918365478515625e-01
-8.002040386199951172e-01
-1.293612718582153320e+00
-3.826130628585815430e-01
-4.426785409450531006e-01
-1.738141179084777832e+00
1.115480303764343262e+00
-4.843548834323883057e-01
-7.106136083602905273e-01
-1.341949939727783203e+00
1.097322344779968262e+00
1.107247114181518555e+00
8.045426607131958008e-01
-1.196886539459228516e+00
-1.581187129020690918e+00
-7.739235162734985352e-01
-4.636755287647247314e-01
3.950051069259643555e-01
-1.308807134628295898e+00
-6.368970870971679688e-02
9.204657077789306641e-01
1.006139293313026428e-01
-1.628754973411560059e+00
-7.476564645767211914e-01
-1.750122547149658203e+00
-1.984543502330780029e-01
4.277635514736175537e-01
-7.597893476486206055e-01
-5.298090577125549316e-01
-1.355762720108032227e+00
-1.049586772918701172e+00
-1.672907233238220215e+00
1.369276046752929688e-01
6.193721294403076172e-02
9.681633710861206055e-01
-2.780328094959259033e-01
-4.168559312820434570e-01
4.441009461879730225e-02
-2.736687064170837402e-01
-9.125367999076843262e-01
4.391071200370788574e-01
2.140336930751800537e-01
-3.226028382778167725e-01
1.136839389801025391e-03
1.584469676017761230e+00
-9.353255033493041992e-01
-7.335911989212036133e-01
5.038961768150329590e-01
-1.266056537628173828e+00
5.319306850433349609e-01
1.682494878768920898e-01
-8.034457564353942871e-01
8.095435798168182373e-02
-1.517775774002075195e+00
1.181960105895996094e-03
1.601068615913391113e+00
7.879487276077270508e-01
1.879885196685791016e+00
-5.185241103172302246e-01
-3.424562811851501465e-01
2.934667766094207764e-01
7.121645808219909668e-01
2.749862074851989746e-01
-5.192964673042297363e-01
1.150215625762939453e+00
-2.343485057353973389e-01
-1.436190366744995117e+00
-3.279672563076019287e-01
4.023469984531402588e-01
1.129225015640258789e+00
-7.485209703445434570e-01
5.010823011398315430e-01
5.564224720001220703e-02
1.104311466217041016e+00
2.201005220413208008e-01
2.257865220308303833e-01
-8.420121073722839355e-01
7.845335602760314941e-01
-5.217833518981933594e-01
-8.575546741485595703e-02
-3.580335676670074463e-01
-1.624660134315490723e+00
-8.406193256378173828e-01
-5.879654884338378906e-01
-1.365590572357177734e+00
-3.462273478507995605e-01
-5.209340453147888184e-01
8.038716316223144531e-01
3.162963986396789551e-01
-4.092112183570861816e-01
-3.258254528045654297e-01
-8.138835430145263672e-01
-7.246279120445251465e-01
9.653053283691406250e-01
-1.097714543342590332e+00
6.644226312637329102e-01
-9.271556138992309570e-01
5.903933048248291016e-01
2.640030980110168457e-01
6.289063096046447754e-01
-5.444797277450561523e-01
-1.237555146217346191e-01
-6.803125143051147461e-02
-2.327579110860824585e-01
-1.094465136528015137e+00
3.627995252609252930e-01
6.404615640640258789e-01
-6.978742480278015137e-01
-1.302300930023193359e+00
-1.413895189762115479e-01
5.147805213928222656e-01
-9.716988205909729004e-01
-8.974377810955047607e-02
-9.590262174606323242e-02
-2.796152234077453613e-01
3.519462347030639648e-01
-9.728580713272094727e-02
-1.939208507537841797e+00
-4.563973546028137207e-01
-1.767972111701965332e-01
-2.290893048048019409e-01
6.951911449432373047e-01
-4.994788765907287598e-02
-4.132095277309417725e-01
3.899258375167846680e-01
5.842374563217163086e-01
-2.870510816574096680e-01
-3.396175503730773926e-01
4.948739111423492432e-01
-1.053449273109436035e+00
-1.530530929565429688e+00
4.663365483283996582e-01
2.863322198390960693e-01
-8.576633334159851074e-01
1.064750552177429199e-02
3.914667367935180664e-01
4.440612494945526123e-01
-9.320893883705139160e-02
-2.489100545644760132e-01
-4.617959260940551758e-01
-1.609812259674072266e+00
9.730112552642822266e-01
-6.191267371177673340e-01
5.362569689750671387e-01
5.866483449935913086e-01
-9.895927309989929199e-01
-9.559383392333984375e-01
4.395832419395446777e-01
1.283296465873718262e+00
-5.185700654983520508e-01
-1.676030009984970093e-01
1.347718834877014160e-01
1.711366325616836548e-01
-1.132597804069519043e+00
-5.656184554100036621e-01
7.273750305175781250e-01
2.906421720981597900e-01
3.847724199295043945e-01
-1.503877401351928711e+00
-2.537083625793457031e-02
-5.201606750488281250e-01
1.633971929550170898e-02
-9.633987396955490112e-02
3.832168579101562500e-01
9.245678186416625977e-01
-1.168879866600036621e-01
-5.383731126785278320e-01
1.274557411670684814e-01
-1.434727907180786133e-01
-1.667651891708374023e+00
4.640412330627441406e-01
-3.843560814857482910e-01
2.438346445560455322e-01
-2.733718454837799072e-01
-3.042859435081481934e-01
4.300505518913269043e-01
2.934485077857971191e-01
1.228917539119720459e-01
-1.587194204330444336e-01
2.101719081401824951e-01
-5.931355059146881104e-02
2.627221941947937012e-01
1.676416397094726562e-02
3.291315138339996338e-01
-1.844910025596618652e+00
-9.338828921318054199e-02
-5.399774312973022461e-01
5.083361864089965820e-01
-6.309227347373962402e-01
1.353117823600769043e-01
1.671825349330902100e-01
1.070673584938049316e+00
3.147636651992797852e-01
-8.212223052978515625e-01
1.498705446720123291e-01
-9.509053826332092285e-01
6.490447521209716797e-01
-1.274504661560058594e+00
9.815336465835571289e-01
-6.186790466308593750e-01
-3.852050304412841797e-01
-2.850995361804962158e-01
-1.302687525749206543e-01
-8.513564467430114746e-01
-1.602086782455444336e+00
1.194466724991798401e-01
2.655454874038696289e-01
1.062035322189331055e+00
1.086427092552185059e+00
9.019023776054382324e-01
-3.135090768337249756e-01
-1.292735934257507324e-01
-1.863979846239089966e-01
-9.749106168746948242e-01
-6.244856715202331543e-01
2.246934890747070312e+00
9.880719184875488281e-01
-2.452313899993896484e-01
8.322458863258361816e-01
-3.182646632194519043e-01
1.024366691708564758e-01
8.722405433654785156e-01
-9.089052677154541016e-02
3.822627663612365723e-02
-4.670208692550659180e-02
-5.419299006462097168e-02
-4.817350506782531738e-01
2.380332648754119873e-01
1.917754650115966797e+00
6.102182865142822266e-01
-2.795735001564025879e-02
2.769158482551574707e-01
-9.611862897872924805e-01
9.196962714195251465e-01
6.304465532302856445e-01
1.115556955337524414e+00
-2.087248325347900391e+00
-2.065924853086471558e-01
-4.716765582561492920e-01
4.035713970661163330e-01
-3.230203688144683838e-01
-2.499323785305023193e-01
1.093505144119262695e+00
1.761174798011779785e+00
1.685381829738616943e-01
4.091821610927581787e-01
-2.065772563219070435e-02
-3.744782805442810059e-01
-1.112507879734039307e-01
-7.299470901489257812e-02
-1.038863539695739746e+00
8.276994228363037109e-01
-3.154138624668121338e-01
-2.921695262193679810e-02
-5.087339282035827637e-01
5.637747049331665039e-02
4.855660796165466309e-01
-9.950419664382934570e-01
5.705060958862304688e-01
4.062560200691223145e-02
1.864636987447738647e-01
4.684946835041046143e-01
9.021039605140686035e-01
-5.968980789184570312e-01
-4.760926663875579834e-01
5.666804313659667969e-02
-2.038108110427856445e-01
1.287625730037689209e-01
5.021497607231140137e-01
5.804824233055114746e-01
1.255270093679428101e-01
4.294275045394897461e-01
-1.168594956398010254e-01
4.449006319046020508e-01
-8.401387929916381836e-01
9.635603427886962891e-01
-1.043370962142944336e+00
2.727715671062469482e-01
2.570638060569763184e-01
4.593287408351898193e-01
-1.127603948116302490e-01
-4.280831217765808105e-01
-7.318699359893798828e-01
6.694580316543579102e-01
1.078506827354431152e+00
8.965213298797607422e-01
9.194570779800415039e-01
2.746971845626831055e-01
-6.346517801284790039e-01
-2.325972616672515869e-01
3.395051658153533936e-01
-9.525142908096313477e-01
5.799405574798583984e-01
-1.286325693130493164e+00
-5.785531401634216309e-01
6.163721084594726562e-01
-8.595061302185058594e-02
-1.342135667800903320e+00
1.159865334630012512e-01
-2.058536529541015625e+00
3.122918903827667236e-01
4.328578114509582520e-01
-7.726132869720458984e-02
-6.584746241569519043e-01
-8.114486336708068848e-01
-8.682310581207275391e-04
8.219136595726013184e-01
2.814369201660156250e-01
-6.005182862281799316e-01
-2.403198629617691040e-01
-4.288497567176818848e-01
1.609543263912200928e-01
-5.936170220375061035e-01
7.969626784324645996e-02
-2.581387758255004883e-03
-5.255223810672760010e-02
-1.077311873435974121e+00
1.129615426063537598e+00
-4.100450277328491211e-01
-3.703127205371856689e-01
-9.880118966102600098e-01
-1.845718026161193848e-01
7.306275367736816406e-01
-1.737445831298828125e+00
-1.616329073905944824e+00
7.264330387115478516e-01
-2.754874229431152344e-01
-2.454444408416748047e+00
1.787735819816589355e-01
4.429712891578674316e-01
-8.072179555892944336e-02
2.668567895889282227e-01
1.577789306640625000e+00
-1.458436608314514160e+00
-7.183142304420471191e-01
-3.655095398426055908e-01
-7.726694345474243164e-01
-1.431874036788940430e-01
-1.318616390228271484e+00
1.566350340843200684e+00
-9.753158688545227051e-02
4.248881340026855469e-01
1.981073617935180664e-01
-6.463117599487304688e-01
-1.095825076103210449e+00
9.387729167938232422e-01
-1.027552366256713867e+00
-1.301307380199432373e-01
-5.250898599624633789e-01
4.085922837257385254e-01
2.483857870101928711e-01
-1.301001906394958496e-01
-3.881447315216064453e-01
5.502943396568298340e-01
5.201830267906188965e-01
6.771063804626464844e-01
-1.477620601654052734e-01
2.380161285400390625e-01
-2.824451327323913574e-01
9.992410540580749512e-01
-3.124511241912841797e-01
-6.002650856971740723e-01
1.076550483703613281e-01
-6.207349300384521484e-01
1.537915617227554321e-01
-1.314477562904357910e+00
-1.451844424009323120e-01
-7.530331611633300781e-01
3.294048905372619629e-01
-4.661436080932617188e-01
7.294893860816955566e-01
4.584783315658569336e-02
-1.451163530349731445e+00
1.289316296577453613e+00
1.289285302162170410e+00
-4.941912889480590820e-01
3.059217333793640137e-01
-1.375364065170288086e+00
6.813460588455200195e-01
-2.924442291259765625e-01
-1.532525718212127686e-01
-2.850934565067291260e-01
2.872532606124877930e-02
-1.336007714271545410e-01
2.665732800960540771e-02
-2.248528957366943359e+00
-4.834696650505065918e-03
-7.311708927154541016e-01
3.119885921478271484e-02
3.020706772804260254e-01
-2.573204785585403442e-02
-3.380376100540161133e-01
-8.261363506317138672e-01
-5.029629468917846680e-01
-3.755154013633728027e-01
-3.013982176780700684e-01
-5.587472915649414062e-01
-6.491651535034179688e-01
4.772508144378662109e-02
-6.656120419502258301e-01
-4.237906336784362793e-01
-4.471111893653869629e-01
1.021618247032165527e+00
-6.799706220626831055e-01
-7.350128889083862305e-01
-1.996009647846221924e-01
-4.442375898361206055e-02
-5.175177454948425293e-01
-2.604010701179504395e-01
-2.072947621345520020e-01
-3.190162181854248047e-01
-3.889442086219787598e-01
1.254685819149017334e-01
6.014490723609924316e-01
-4.078976213932037354e-01
-3.813545107841491699e-01
-2.427773177623748779e-01
1.842832863330841064e-01
-7.241845130920410156e-01
-5.365390777587890625e-01
-1.148577690124511719e+00
1.654865592718124390e-01
5.142559409141540527e-01
-9.008811116218566895e-01
-2.495114505290985107e-02
2.803766727447509766e-01
-1.003357410430908203e+00
-1.546524047851562500e+00
-1.024986982345581055e+00
-1.358069062232971191e+00
-6.273027658462524414e-01
-8.979649841785430908e-02
4.519735574722290039e-01
1.435348391532897949e-01
-2.161433398723602295e-01
5.295900106430053711e-01
3.245407342910766602e-02
-5.562009811401367188e-01
-7.498884201049804688e-02
-7.681365013122558594e-01
-7.876618504524230957e-01
-2.291405200958251953e-02
-5.584059953689575195e-01
-1.589363515377044678e-01
-5.936234593391418457e-01
-1.157769188284873962e-01
-7.647830247879028320e-02
-7.623797655105590820e-01
1.492882519960403442e-02
2.038822770118713379e-01
6.645282506942749023e-01
-1.012087583541870117e+00
7.739692926406860352e-02
4.388911426067352295e-01
8.825153112411499023e-03
5.798499584197998047e-01
-1.898543238639831543e-01
1.290018111467361450e-01
-6.622979640960693359e-01
-5.536383986473083496e-01
8.281324803829193115e-02
-2.622260898351669312e-02
2.206883877515792847e-01
-5.638830661773681641e-01
-1.977147459983825684e-01
-6.469175815582275391e-01
-4.406531453132629395e-01
4.973921179771423340e-01
1.820542812347412109e-01
-6.046261787414550781e-01
-3.431740999221801758e-01
5.379529595375061035e-01
4.805154800415039062e-01
-5.650591850280761719e-01
-1.956126093864440918e-01
-2.164786309003829956e-01
2.897785007953643799e-01
1.291417777538299561e-01
6.676478385925292969e-01
-2.677158117294311523e-01
-6.139684319496154785e-01
1.834429651498794556e-01
-4.474918246269226074e-01
6.567608118057250977e-01
1.346555054187774658e-01
-3.376160562038421631e-02
5.992531180381774902e-01
-1.707003265619277954e-01
2.722758054733276367e-01
5.250382423400878906e-02
1.029757499694824219e+00
7.784696817398071289e-01
-9.815324544906616211e-01
-1.537740528583526611e-01
-6.621333360671997070e-01
3.241087198257446289e-01
-7.568562030792236328e-02
-3.835162222385406494e-01
1.843718737363815308e-01
2.476407885551452637e-01
-7.998218536376953125e-01
-4.299649894237518311e-01
-4.066948592662811279e-02
2.519024908542633057e-01
2.605479359626770020e-01
-4.284912943840026855e-01
1.160787582397460938e+00
1.297730207443237305e-01
7.907098531723022461e-02
-6.732029914855957031e-01
5.090846419334411621e-01
-2.176202088594436646e-01
2.715323567390441895e-01
1.446813225746154785e+00
3.722248077392578125e-01
-4.419708251953125000e-01
-1.141157150268554688e+00
-2.923139035701751709e-01
-1.707780361175537109e-01
1.653688311576843262e+00
-7.440121769905090332e-01
-4.833528995513916016e-01
5.238829851150512695e-01
3.230149745941162109e-01
-1.027036428451538086e+00
1.231787949800491333e-01
1.247528791427612305e+00
1.491554677486419678e-01
-7.580410242080688477e-01
1.911814212799072266e-01
-5.642312765121459961e-01
-3.526620566844940186e-02
3.954443335533142090e-02
-2.733543217182159424e-01
-5.032117366790771484e-01
4.723582267761230469e-01
7.275875806808471680e-01
-7.852852940559387207e-01
-6.309450864791870117e-01
1.552408456802368164e+00
-5.618000030517578125e-02
6.611372530460357666e-02
-2.493309378623962402e-01
5.792319178581237793e-01
3.455458283424377441e-01
9.255546331405639648e-01
-4.691289663314819336e-01
7.387819290161132812e-01
3.601554632186889648e-01
6.145298480987548828e-01
-4.595003426074981689e-01
-3.170811533927917480e-01
7.703178524971008301e-01
-6.224892735481262207e-01
-2.174441218376159668e-01
2.794249951839447021e-01
7.644240260124206543e-01
2.026073932647705078e-01
4.606647193431854248e-01
7.166786193847656250e-01
-6.438277959823608398e-01
1.080917119979858398e+00
-6.899941563606262207e-01
-8.619879186153411865e-02
-6.431780457496643066e-01
-2.496023029088973999e-01
-7.528037428855895996e-01
-5.190109014511108398e-01
-9.771102666854858398e-01
-3.341099619865417480e-02
-4.914880543947219849e-02
-3.860800862312316895e-01
-4.461539387702941895e-01
-4.476822018623352051e-01
-1.445937156677246094e-01
-4.025254845619201660e-01
-1.018361225724220276e-01
3.979645371437072754e-01
-3.105374574661254883e-01
4.447684884071350098e-01
2.111066579818725586e-01
-6.126654148101806641e-01
-8.323975801467895508e-01
1.678630709648132324e-01
3.400599360466003418e-01
-3.566278219223022461e-01
3.287442922592163086e-01
9.673988819122314453e-01
2.149609029293060303e-01
-5.015862584114074707e-01
-3.497024625539779663e-02
-1.012309432029724121e+00
4.902504086494445801e-01
3.266617357730865479e-01
-1.251434803009033203e+00
3.095041811466217041e-01
-6.354016065597534180e-01
-1.084166526794433594e+00
4.119739532470703125e-01
2.355802953243255615e-01
-1.250692903995513916e-01
-4.079545140266418457e-01
2.097251713275909424e-01
1.662246584892272949e-01
7.743145227432250977e-01
5.304949283599853516e-01
-2.987470924854278564e-01
-9.707281589508056641e-01
6.745008230209350586e-01
-8.155104517936706543e-02
-5.010004043579101562e-01
8.085443973541259766e-01
9.690378904342651367e-01
3.563341796398162842e-01
5.437647104263305664e-01
-6.558699607849121094e-01
-3.591613173484802246e-01
-4.419115483760833740e-01
5.033953189849853516e-01
1.988582313060760498e-01
1.141692876815795898e+00
-4.976956546306610107e-01
-1.117343679070472717e-01
4.800074100494384766e-01
-7.999100089073181152e-01
-4.738826155662536621e-01
2.398632168769836426e-01
-9.421975165605545044e-02
-1.743412017822265625e-02
-9.330863952636718750e-01
4.332263469696044922e-01
-3.058985471725463867e-01
6.300247907638549805e-01
-3.797458410263061523e-01
7.516163587570190430e-01
-3.996658921241760254e-01
-5.258107185363769531e-02
-6.113504767417907715e-01
-9.139599204063415527e-01
9.139120578765869141e-02
8.067398071289062500e-01
7.313706725835800171e-02
-1.236968874931335449e+00
-7.388937473297119141e-01
-2.218319177627563477e-01
-1.707722395658493042e-01
3.006187081336975098e-01
5.721224546432495117e-01
-5.265786051750183105e-01
6.058668494224548340e-01
-4.449905753135681152e-01
-1.564064919948577881e-01
-1.896582990884780884e-01
4.228772222995758057e-02
-2.138423770666122437e-01
-4.784606397151947021e-02
-1.061634659767150879e+00
-3.769622743129730225e-01
-3.799375891685485840e-02
-5.037850141525268555e-01
4.273245930671691895e-01
-8.257064819335937500e-01
-2.672476768493652344e-01
-1.965924799442291260e-01
-1.332055926322937012e-01
2.222634553909301758e-01
1.636241674423217773e-01
-3.763826191425323486e-02
9.730651974678039551e-03
-3.856694698333740234e-01
-7.515304088592529297e-01
-5.311592817306518555e-01
-3.136955499649047852e-01
6.272277832031250000e-01
-3.726071119308471680e-01
2.609401941299438477e-01
6.118085607886314392e-02
-5.478858947753906250e-02
1.963438540697097778e-01
-2.988490462303161621e-02
8.817779421806335449e-01
2.065970003604888916e-01
-1.305040121078491211e+00
-3.925196230411529541e-01
4.044846296310424805e-01
-3.182765841484069824e-01
-8.219327926635742188e-01
-9.303454756736755371e-01
-3.874307572841644287e-01
-1.153200864791870117e-03
-6.254771351814270020e-01
1.568136364221572876e-01
1.414393901824951172e+00
3.549344241619110107e-01
9.584150314331054688e-01
1.906726360321044922e-01
3.525071442127227783e-01
-3.653196692466735840e-01
-8.651306629180908203e-01
-1.000471353530883789e+00
-1.935107111930847168e-01
-1.797980666160583496e-01
-5.409641265869140625e-01
-7.884255647659301758e-01
-1.397123038768768311e-01
7.586297988891601562e-01
-1.216132640838623047e-01
-4.128739833831787109e-01
2.209949195384979248e-01
-2.888094484806060791e-01
-4.414382576942443848e-02
