1.211218088865280151e-01
-7.570028305053710938e-03
1.070831656455993652e+00
1.423916220664978027e+00
1.182801723480224609e-01
7.909329533576965332e-01
9.685734510421752930e-01
1.640004158020019531e+00
1.790009498596191406e+00
9.829286932945251465e-01
1.811584115028381348e+00
1.195038437843322754e+00
5.259259343147277832e-01
1.940187215805053711e+00
1.314574956893920898e+00
2.174579620361328125e+00
7.887604236602783203e-01
9.910717010498046875e-01
1.644737124443054199e+00
8.962960243225097656e-01
2.026793241500854492e+00
-8.017835021018981934e-02
1.562683343887329102e+00
3.828636109828948975e-01
1.784303784370422363e+00
1.030754446983337402e+00
8.126372098922729492e-01
1.083405733108520508e+00
3.519590497016906738e-01
1.448595404624938965e+00
3.593637645244598389e-01
1.254449248313903809e+00
7.172007560729980469e-01
6.639192104339599609e-01
8.395422101020812988e-01
1.165692687034606934e+00
9.987172484397888184e-01
4.372698664665222168e-01
5.377129316329956055e-01
-3.977787494659423828e-02
4.491109251976013184e-01
7.759044170379638672e-01
1.189684987068176270e+00
1.457721233367919922e+00
1.906849622726440430e+00
1.019487023353576660e+00
1.026169657707214355e+00
5.579398274421691895e-01
-6.732629537582397461e-01
1.889131784439086914e+00
1.454956531524658203e-01
1.076070308685302734e+00
2.143216609954833984e+00
1.321240425109863281e+00
9.300318360328674316e-01
1.854957342147827148e+00
2.205692768096923828e+00
7.450735569000244141e-01
8.825414180755615234e-01
1.275562047958374023e+00
9.220086336135864258e-01
4.215558767318725586e-01
2.534779906272888184e-01
2.669004201889038086e-01
8.988109827041625977e-01
1.290348768234252930e+00
1.900205969810485840e+00
1.069821119308471680e+00
6.252011060714721680e-01
2.156397104263305664e-01
4.505577087402343750e-01
9.239844083786010742e-01
1.303160667419433594e+00
1.330187797546386719e+00
8.691234588623046875e-01
1.981753945350646973e+00
1.052593946456909180e+00
8.302397727966308594e-01
1.343430638313293457e+00
1.148959994316101074e+00
7.762091755867004395e-01
4.252436459064483643e-01
5.093951225280761719e-01
8.457849621772766113e-01
1.143755435943603516e+00
1.055180788040161133e+00
1.440356969833374023e+00
7.521573305130004883e-01
1.911304712295532227e+00
6.935452818870544434e-01
1.664030790328979492e+00
3.921011686325073242e-01
1.012166738510131836e+00
1.209146976470947266e+00
-2.059913277626037598e-01
1.215084433555603027e+00
9.756252765655517578e-01
5.550307035446166992e-01
5.231081843376159668e-01
1.977958530187606812e-01
1.027141451835632324e+00
2.727116271853446960e-02
1.220504283905029297e+00
5.735580325126647949e-01
1.163427233695983887e+00
1.531071424484252930e+00
7.907207012176513672e-01
7.608722448348999023e-01
-4.336503148078918457e-01
6.720284819602966309e-01
-1.006084442138671875e+00
6.225870847702026367e-01
-4.587871432304382324e-01
-2.162258327007293701e-01
1.584815233945846558e-01
-1.655735373497009277e-01
5.450897812843322754e-01
-1.298962116241455078e+00
1.462706923484802246e-02
-7.530394196510314941e-01
1.168208718299865723e+00
1.350162863731384277e+00
-1.274943113327026367e+00
-1.087542176246643066e+00
-8.863176107406616211e-01
-1.344238519668579102e-01
-6.457263231277465820e-01
-1.895395517349243164e-01
2.382985353469848633e-01
-1.363425552845001221e-01
2.955559790134429932e-01
1.990440487861633301e-02
2.507603764533996582e-01
3.731846809387207031e-04
-6.060205698013305664e-01
-6.564985513687133789e-01
5.644634366035461426e-01
-1.074348568916320801e+00
-8.073063492774963379e-01
1.118149042129516602e+00
1.728406548500061035e-02
-2.810747027397155762e-01
-2.175444364547729492e-01
-7.006942033767700195e-01
1.165292024612426758e+00
1.838214993476867676e-01
-5.636666417121887207e-01
-7.703098654747009277e-01
5.142842531204223633e-01
6.479190587997436523e-01
-4.637395441532135010e-01
-3.077471554279327393e-01
2.155151665210723877e-01
-7.268638014793395996e-01
3.104519546031951904e-01
1.949808597564697266e+00
-1.022056698799133301e+00
6.564668416976928711e-01
-3.150932192802429199e-01
3.649809956550598145e-01
-4.234942793846130371e-01
-1.291754007339477539e+00
-1.465858817100524902e+00
5.946087837219238281e-02
2.939939498901367188e-01
3.063640832901000977e+00
9.992417097091674805e-01
-1.953332573175430298e-01
-1.476461142301559448e-01
2.321094572544097900e-01
7.474608421325683594e-01
-8.851076364517211914e-01
-5.311687588691711426e-01
6.922374963760375977e-01
-4.847060441970825195e-01
-5.604341626167297363e-01
-1.193984389305114746e+00
-3.239098191261291504e-02
9.639220833778381348e-01
1.868461370468139648e-01
3.941843509674072266e-01
1.636193156242370605e+00
-7.706975191831588745e-02
-7.299437522888183594e-01
-1.060247302055358887e+00
-7.722942233085632324e-01
-3.163331151008605957e-01
1.809697747230529785e-01
3.110724985599517822e-01
-4.913455247879028320e-01
-3.779612779617309570e-01
4.181697964668273926e-01
-1.248622059822082520e+00
-3.723686933517456055e-01
8.925935029983520508e-01
-3.907518088817596436e-02
-1.277905344963073730e+00
6.366862058639526367e-01
-7.119944095611572266e-01
1.245628595352172852e+00
3.731551170349121094e-01
-1.631222009658813477e+00
-2.084927558898925781e+00
5.689682960510253906e-01
8.434060811996459961e-01
-1.334285438060760498e-01
-8.239630460739135742e-01
-2.645948529243469238e-02
-9.301786422729492188e-01
-3.281858265399932861e-01
-9.520387649536132812e-01
1.656963348388671875e+00
-1.642418622970581055e+00
-2.492259293794631958e-01
7.639950513839721680e-01
1.843971312046051025e-01
-4.946011304855346680e-02
-8.931261301040649414e-01
-1.910963654518127441e+00
-1.130565166473388672e+00
1.313860714435577393e-02
-1.074851393699645996e+00
-2.069756269454956055e+00
2.227859497070312500e-01
1.157170653343200684e+00
-1.135577321052551270e+00
-1.112149357795715332e+00
1.524036765098571777e+00
-5.996096730232238770e-01
-1.114860177040100098e+00
1.284228324890136719e+00
-1.103309631347656250e+00
4.896959662437438965e-02
-1.366892933845520020e+00
2.460892498493194580e-01
-2.583982646465301514e-01
-9.078267216682434082e-02
1.034382581710815430e-01
5.244871377944946289e-01
-1.723333120346069336e+00
3.549786806106567383e-01
1.288039445877075195e+00
3.679652512073516846e-01
1.318859696388244629e+00
6.148085594177246094e-01
6.119248867034912109e-01
-3.811080455780029297e-01
5.842998623847961426e-01
6.972730755805969238e-01
5.879241228103637695e-01
-1.110631465911865234e+00
-1.962585687637329102e+00
1.049825668334960938e+00
-1.003230810165405273e-01
-1.522751331329345703e+00
-1.177439928054809570e+00
2.257050275802612305e-01
1.047381162643432617e+00
1.722701549530029297e+00
1.459512710571289062e+00
1.119970321655273438e+00
1.126964688301086426e+00
-1.436123847961425781e+00
-1.067165493965148926e+00
1.131853818893432617e+00
-3.432105779647827148e-01
-7.540365457534790039e-01
9.671804308891296387e-02
-4.697805643081665039e-02
4.884616136550903320e-01
-2.803407907485961914e-01
-2.352625608444213867e+00
-1.562380671501159668e+00
1.217266321182250977e+00
5.046942234039306641e-01
-5.943261981010437012e-01
-2.392198145389556885e-01
-9.757155179977416992e-01
3.840009570121765137e-01
-6.106902360916137695e-01
7.644334435462951660e-02
-1.258815526962280273e+00
7.754332423210144043e-01
-5.166837573051452637e-01
-1.384365797042846680e+00
9.565138220787048340e-01
-6.038415431976318359e-01
-2.569329142570495605e-01
-8.560932874679565430e-01
3.366996049880981445e-01
1.707274913787841797e-01
-7.044676542282104492e-01
1.372039794921875000e+00
3.571811318397521973e-01
7.455084919929504395e-01
-4.417144954204559326e-01
8.539136648178100586e-01
-1.731875896453857422e+00
3.229345381259918213e-01
-1.037520408630371094e+00
-8.694102764129638672e-01
-2.506187438964843750e+00
5.811744928359985352e-01
-5.599818229675292969e-01
1.653229296207427979e-01
-4.159258604049682617e-01
-1.557309389114379883e+00
-1.157240271568298340e+00
2.584255337715148926e-01
7.207025289535522461e-01
1.333681106567382812e+00
2.115224003791809082e-01
-4.514398276805877686e-01
-1.010004997253417969e+00
-1.401861429214477539e+00
3.453183412551879883e+00
-5.416173934936523438e-01
2.826493084430694580e-01
7.675378322601318359e-01
-8.726270794868469238e-01
-7.722347974777221680e-02
9.221298098564147949e-01
-4.759516417980194092e-01
-2.092828989028930664e+00
-1.199522495269775391e+00
3.259010612964630127e-01
-1.866689026355743408e-01
1.884269475936889648e+00
8.942903280258178711e-01
4.772824645042419434e-01
-1.422462821006774902e+00
1.819697141647338867e+00
1.023553133010864258e+00
1.077416181564331055e+00
7.918967008590698242e-01
-4.564855992794036865e-02
1.416944146156311035e+00
-9.496723115444183350e-02
-1.014183402061462402e+00
-2.803039550781250000e-01
1.392202854156494141e+00
-9.876407384872436523e-01
-2.068879157304763794e-01
-5.269293487071990967e-02
3.661723732948303223e-01
-1.123535394668579102e+00
-3.983497023582458496e-01
-7.898212075233459473e-01
-3.483600318431854248e-01
-8.737255334854125977e-01
7.795777916908264160e-02
-1.835479736328125000e+00
1.110705137252807617e+00
-1.180134654045104980e+00
-7.414956092834472656e-01
-1.745514154434204102e+00
2.284515857696533203e+00
1.709310770034790039e+00
-8.007249236106872559e-01
4.806742668151855469e-01
-1.149314165115356445e+00
-1.165941596031188965e+00
-7.301095128059387207e-01
6.777188777923583984e-01
-7.350672483444213867e-01
5.808324217796325684e-01
-9.971189498901367188e-01
1.087314486503601074e+00
-1.558603882789611816e+00
1.530592679977416992e+00
5.574536919593811035e-01
-1.139820814132690430e+00
-2.990198135375976562e-02
-1.001485109329223633e+00
1.138782024383544922e+00
2.391494035720825195e+00
3.810456395149230957e-02
-3.086882829666137695e-01
-7.578217983245849609e-01
5.251277685165405273e-01
1.343204021453857422e+00
2.536723613739013672e-01
-1.758912563323974609e+00
9.350197315216064453e-01
-4.582965970039367676e-01
2.827903032302856445e-01
6.517735123634338379e-01
-1.292041301727294922e+00
1.059172987937927246e+00
-6.780200004577636719e-01
2.092743813991546631e-01
-2.447150945663452148e-01
-1.346589326858520508e-01
-9.532882571220397949e-01
-9.129223227500915527e-01
-6.711843609809875488e-01
1.862874746322631836e+00
9.372469782829284668e-02
-1.148848056793212891e+00
1.393454790115356445e+00
8.968629240989685059e-01
-4.720056056976318359e-01
1.925240755081176758e-01
-3.527975082397460938e-01
1.022476911544799805e+00
1.821722507476806641e+00
-2.200171947479248047e-01
4.230603575706481934e-01
-1.186712861061096191e+00
-4.727968871593475342e-01
-1.645646810531616211e+00
-8.745821714401245117e-01
1.768445014953613281e+00
-1.039384603500366211e+00
-6.178815960884094238e-01
-8.393278121948242188e-01
8.897525072097778320e-01
-5.793548822402954102e-01
-8.167964220046997070e-02
-6.271296739578247070e-01
1.111043989658355713e-02
3.155807852745056152e-01
-1.807451248168945312e-02
3.196248114109039307e-01
-1.508539676666259766e+00
-5.333886146545410156e-01
-9.398835301399230957e-01
-1.641111731529235840e+00
-9.426274895668029785e-02
-1.976296752691268921e-01
8.161132335662841797e-01
-9.991832375526428223e-01
5.643498897552490234e-01
-1.384981989860534668e+00
-1.517323613166809082e+00
-1.690656065940856934e+00
-3.061203360557556152e-01
1.213251709938049316e+00
-4.804372787475585938e-02
-1.396049857139587402e-01
1.807803153991699219e+00
2.959159016609191895e-01
6.693643331527709961e-01
6.157013773918151855e-02
4.820698797702789307e-01
6.516992449760437012e-01
-1.664626896381378174e-01
1.786100566387176514e-01
-9.628012776374816895e-03
7.114008665084838867e-01
1.495470046997070312e+00
4.571131467819213867e-01
5.470861792564392090e-01
1.002970814704895020e+00
-1.040683388710021973e+00
2.940317988395690918e-01
5.503723621368408203e-01
7.234148383140563965e-01
-5.010762810707092285e-01
-2.030729055404663086e-01
2.456592917442321777e-01
-5.990130901336669922e-01
-2.243726730346679688e+00
-8.905578255653381348e-01
-3.061575889587402344e-01
1.015542387962341309e+00
1.978383958339691162e-02
-3.193360865116119385e-01
-9.723541140556335449e-02
-1.290494918823242188e+00
-9.625470638275146484e-02
6.102657318115234375e-02
-3.072733879089355469e-01
-5.804064273834228516e-01
-9.098188579082489014e-02
-1.905700564384460449e-01
-1.221978813409805298e-01
5.992496609687805176e-01
-5.787600278854370117e-01
-8.607197403907775879e-01
-6.774358749389648438e-01
7.087773680686950684e-01
-3.656558394432067871e-01
7.207767963409423828e-01
-1.598250031471252441e+00
1.150972843170166016e+00
-2.566503733396530151e-02
1.227235317230224609e+00
9.189742803573608398e-01
-1.013159275054931641e+00
-9.321464300155639648e-01
-9.912871122360229492e-01
1.738645434379577637e-01
1.032203435897827148e+00
-7.641543745994567871e-01
5.574275255203247070e-01
1.970494389533996582e-01
-1.954578310251235962e-01
3.597044944763183594e-01
-6.104143857955932617e-01
-7.165534794330596924e-02
-2.619937062263488770e-01
-1.924913167953491211e+00
4.020261764526367188e-01
-7.442408204078674316e-01
-8.943319320678710938e-01
-6.751227378845214844e-02
-6.910909712314605713e-02
-9.370663762092590332e-01
-5.744574666023254395e-01
-1.080976486206054688e+00
-7.910162210464477539e-01
-1.002694368362426758e-01
-3.860243558883666992e-01
-2.465562522411346436e-01
-1.470122337341308594e+00
-1.133937716484069824e+00
5.839494466781616211e-01
-3.756812810897827148e-01
2.325218617916107178e-01
1.026102304458618164e+00
-3.445693850517272949e-01
6.219308376312255859e-01
8.637192249298095703e-01
2.414110600948333740e-01
-3.991593122482299805e-01
-1.623574018478393555e+00
-1.057227551937103271e-01
1.262407004833221436e-01
3.722148239612579346e-01
-1.234979152679443359e+00
1.998370885848999023e-01
-7.814332842826843262e-02
-7.433316111564636230e-02
-4.893585443496704102e-01
-3.940891921520233154e-01
-2.280129909515380859e+00
6.520892381668090820e-01
-3.760403767228126526e-02
-2.082994878292083740e-01
-1.469788074493408203e+00
1.233508348464965820e+00
1.018723249435424805e-01
8.255161643028259277e-01
-1.875106573104858398e+00
-1.749232053756713867e+00
1.980663657188415527e+00
-9.285218119621276855e-01
-1.053692579269409180e+00
3.546549677848815918e-01
-9.970870614051818848e-01
-4.087817072868347168e-01
-5.354899764060974121e-01
6.664990186691284180e-01
2.901391088962554932e-01
-9.888247847557067871e-01
-7.712951898574829102e-01
-3.082908987998962402e-01
3.265761733055114746e-01
-4.429572820663452148e-01
-5.419272184371948242e-01
-1.208021521568298340e+00
-1.631967425346374512e-01
1.170095086097717285e+00
4.757999479770660400e-01
1.621174812316894531e-02
-2.241134643554687500e-05
1.024909615516662598e+00
2.818865180015563965e-01
2.520470619201660156e-01
6.828993558883666992e-02
1.478040337562561035e+00
5.470784902572631836e-01
2.210421562194824219e-01
-7.565232515335083008e-01
-3.936957120895385742e-01
4.547962248325347900e-01
6.039239764213562012e-01
-3.414141833782196045e-01
6.593545079231262207e-01
-1.639105081558227539e+00
2.639602720737457275e-01
5.478580296039581299e-02
-1.268052458763122559e+00
-2.231749773025512695e+00
-5.083796381950378418e-01
-1.158710002899169922e+00
-9.655048251152038574e-01
-1.549297094345092773e+00
-5.467039346694946289e-01
7.974217534065246582e-01
2.835208475589752197e-01
-1.504050612449645996e+00
-1.694559007883071899e-01
4.389939606189727783e-01
5.579314231872558594e-01
1.115463733673095703e+00
2.527919113636016846e-01
1.311598181724548340e+00
-1.032013535499572754e+00
-1.902588844299316406e+00
-1.015419483184814453e+00
1.200659990310668945e+00
-5.782045722007751465e-01
-7.954286336898803711e-01
-5.577096939086914062e-01
4.696421027183532715e-01
1.456005573272705078e+00
-1.588939905166625977e+00
2.619087100028991699e-01
4.178698658943176270e-01
7.251617312431335449e-01
1.798128485679626465e+00
4.976456463336944580e-01
-6.892331838607788086e-01
-1.077357649803161621e+00
8.392930626869201660e-01
4.799902439117431641e-03
1.184740066528320312e-01
5.001643300056457520e-01
-7.803896069526672363e-02
-9.018777012825012207e-01
-3.617183864116668701e-02
-2.924656867980957031e-02
6.712998747825622559e-01
3.288418352603912354e-01
-1.094673514366149902e+00
-8.487718701362609863e-01
2.729336619377136230e-01
5.485969185829162598e-01
-1.953365355730056763e-01
7.547410130500793457e-01
-3.294176757335662842e-01
-4.301937818527221680e-01
-3.089984357357025146e-01
-9.255869388580322266e-01
1.150693893432617188e-01
1.121013760566711426e-01
2.514069676399230957e-01
-6.425276994705200195e-01
1.132990598678588867e+00
-1.417613983154296875e+00
9.269012212753295898e-01
-9.184837341308593750e-03
-1.464976310729980469e+00
8.735787868499755859e-01
-1.032386720180511475e-01
1.291931629180908203e+00
2.653336524963378906e-01
2.037344872951507568e-01
-6.398650407791137695e-01
-1.721811443567276001e-01
9.278017282485961914e-02
8.910704851150512695e-01
9.065258502960205078e-01
-5.447331666946411133e-01
-5.198727846145629883e-01
4.672494232654571533e-01
-2.718316614627838135e-01
-2.124790668487548828e+00
7.002086639404296875e-01
2.850758731365203857e-01
-8.691243529319763184e-01
-1.466047167778015137e-01
-1.093578219413757324e+00
-1.001030802726745605e+00
-1.201258659362792969e+00
2.438187003135681152e-01
1.128675460815429688e+00
-3.384733200073242188e-02
2.633612751960754395e-01
-1.398835897445678711e+00
-4.289970993995666504e-01
-3.363045156002044678e-01
4.086095690727233887e-01
9.528889060020446777e-01
-7.203232496976852417e-02
-1.262585967779159546e-01
-1.669406175613403320e+00
-9.612674117088317871e-01
-6.178238391876220703e-01
-7.225798368453979492e-01
2.922688126564025879e-01
-1.098276257514953613e+00
-1.196728706359863281e+00
-2.014832258224487305e+00
6.412903070449829102e-01
8.156331777572631836e-01
8.260039687156677246e-01
-4.515659213066101074e-01
-9.309161901473999023e-01
-6.634401082992553711e-01
-8.461734056472778320e-01
3.590101003646850586e-01
-1.268646240234375000e+00
-1.851589202880859375e+00
6.094919443130493164e-01
1.874927878379821777e-01
-7.752870321273803711e-01
1.472844600677490234e+00
-1.807230234146118164e+00
-4.160281717777252197e-01
1.067198753356933594e+00
-3.690559417009353638e-02
-1.247830867767333984e+00
-6.953997611999511719e-01
-1.071735739707946777e+00
-8.280948996543884277e-01
-4.026461243629455566e-01
1.462281465530395508e+00
6.029676198959350586e-01
8.775627613067626953e-02
-7.971894741058349609e-01
9.883969426155090332e-01
-1.189179420471191406e+00
-1.362613439559936523e+00
1.915504932403564453e-01
9.636290371417999268e-02
-3.647981882095336914e-01
6.758779287338256836e-03
1.305363893508911133e+00
-1.198168516159057617e+00
9.275439977645874023e-01
8.522821664810180664e-01
-6.328014731407165527e-01
-2.167873829603195190e-01
2.322932183742523193e-01
-1.790642261505126953e+00
6.169308423995971680e-01
-1.476186990737915039e+00
-8.268123865127563477e-01
-1.752943694591522217e-01
7.008830308914184570e-01
2.618954181671142578e-01
6.328269243240356445e-01
3.900247812271118164e-01
7.172980904579162598e-01
5.813325643539428711e-01
1.411336779594421387e+00
-2.421894073486328125e+00
9.291114807128906250e-01
-2.967214584350585938e-02
-1.466546416282653809e+00
-5.785360932350158691e-01
3.807410895824432373e-01
1.608072757720947266e+00
-1.355849504470825195e+00
6.821843981742858887e-01
-2.992438673973083496e-01
1.705400943756103516e-01
9.122047424316406250e-01
4.490115344524383545e-01
-3.740743398666381836e-01
1.010327935218811035e-01
1.235439300537109375e+00
-7.482254505157470703e-01
3.899338841438293457e-01
-1.152522206306457520e+00
-3.390393853187561035e-01
2.178329080343246460e-01
-6.314002275466918945e-01
-1.232248783111572266e+00
8.709406852722167969e-02
1.051923036575317383e-01
4.228143095970153809e-01
-5.446484088897705078e-01
-3.825877606868743896e-01
-1.435700654983520508e+00
-1.761861205101013184e+00
1.533491492271423340e+00
-1.268926978111267090e+00
1.963108539581298828e+00
-7.708202600479125977e-01
1.379721462726593018e-01
-2.462539076805114746e-01
-1.037308424711227417e-01
-1.071996450424194336e+00
-8.701936006546020508e-01
1.091392278671264648e+00
-1.640223264694213867e-01
-2.885557651519775391e+00
-2.537242770195007324e-01
6.605379283428192139e-02
-1.814220249652862549e-01
-2.818471431732177734e+00
-7.222794294357299805e-01
7.217848300933837891e-01
-1.127484798431396484e+00
3.347097337245941162e-02
-1.396728277206420898e+00
9.308512210845947266e-01
-9.006406664848327637e-01
-6.271815896034240723e-01
-4.124005436897277832e-01
5.917663574218750000e-01
-7.170050144195556641e-01
1.520241647958755493e-01
4.893103241920471191e-01
-5.591934919357299805e-02
6.786312460899353027e-01
9.351374953985214233e-02
-4.193719625473022461e-01
-2.310431897640228271e-01
-2.813062667846679688e-01
3.260672092437744141e-04
-1.003629446029663086e+00
-1.299001932144165039e+00
8.572484254837036133e-01
1.182415962219238281e+00
-1.135313391685485840e+00
1.855990290641784668e-02
-7.055925130844116211e-01
4.470970034599304199e-01
1.552550792694091797e-01
-8.941612243652343750e-01
-2.105130553245544434e-01
-1.355200290679931641e+00
-2.820344567298889160e-01
2.724571824073791504e-01
-1.296294629573822021e-01
2.950651645660400391e-01
-1.733079433441162109e+00
-3.012840449810028076e-01
-1.416991502046585083e-01
1.729625463485717773e+00
-1.069724559783935547e+00
6.932500004768371582e-02
1.439114809036254883e+00
-1.976828277111053467e-01
-1.631467103958129883e+00
-1.551226377487182617e-01
8.769435286521911621e-01
2.130187600851058960e-01
-5.104172229766845703e-01
-9.291662573814392090e-01
-7.096403241157531738e-01
-7.451635003089904785e-01
-6.791826486587524414e-01
-3.152160942554473877e-01
-5.559495687484741211e-01
3.590557277202606201e-01
-2.984078526496887207e-01
5.703016519546508789e-01
2.486242353916168213e-01
7.458637952804565430e-01
-1.506484746932983398e+00
3.074413537979125977e-01
-4.835097491741180420e-01
-3.630667924880981445e-02
-3.704886436462402344e-01
-1.392957568168640137e+00
-1.148881554603576660e+00
1.155995368957519531e+00
7.441055774688720703e-01
-5.329978466033935547e-02
-2.190021276473999023e-01
3.420825302600860596e-01
7.562755346298217773e-01
-1.426480174064636230e+00
1.884185224771499634e-01
-1.150940656661987305e+00
5.614246129989624023e-01
5.271524786949157715e-01
-7.732833027839660645e-01
-5.757558941841125488e-01
-1.292707175016403198e-01
1.636091172695159912e-01
4.361768960952758789e-01
4.013381004333496094e-01
3.865659236907958984e-02
-6.280881762504577637e-01
-1.390393972396850586e-01
-2.923967540264129639e-01
-2.095987319946289062e+00
1.356142044067382812e+00
-4.920238852500915527e-01
-2.593082785606384277e-01
6.640403270721435547e-01
-2.736684679985046387e-01
-7.800526022911071777e-01
-1.875653266906738281e+00
-3.560443520545959473e-01
-2.785266041755676270e-01
2.818730771541595459e-01
-8.067405223846435547e-01
1.028966426849365234e+00
5.875957012176513672e-02
5.524786710739135742e-01
-3.149491548538208008e-01
-1.252972841262817383e+00
-1.418699502944946289e+00
2.357856929302215576e-01
6.917675137519836426e-01
-5.034741759300231934e-01
3.800577819347381592e-01
3.776985406875610352e-02
3.131962120532989502e-01
5.521001815795898438e-01
-6.669876575469970703e-01
7.026237249374389648e-01
2.256670296192169189e-01
-6.265549659729003906e-01
2.739474177360534668e-01
3.255681991577148438e-01
8.473719954490661621e-01
-3.764857649803161621e-01
8.259357810020446777e-01
8.090938329696655273e-01
3.474400639533996582e-01
-3.326920270919799805e-01
2.353651523590087891e-01
1.052399203181266785e-01
1.567993760108947754e-01
-1.691806316375732422e-01
1.695680916309356689e-01
6.775492429733276367e-01
1.624967008829116821e-01
-8.645519018173217773e-01
4.830278456211090088e-01
9.251316785812377930e-01
-5.519810914993286133e-01
4.022485017776489258e-01
2.085610777139663696e-01
-4.283922910690307617e-02
-2.698379755020141602e-02
6.079411506652832031e-02
-1.484916210174560547e+00
2.007091045379638672e-01
-7.488158941268920898e-01
-9.668474793434143066e-01
-9.672582745552062988e-01
-1.167238712310791016e+00
5.267713665962219238e-01
-5.584557056427001953e-01
1.012864708900451660e+00
6.645956039428710938e-01
1.170485734939575195e+00
4.211939573287963867e-01
1.607623219490051270e+00
2.780848145484924316e-01
6.555262804031372070e-01
-1.302546858787536621e+00
4.548723101615905762e-01
-5.416364073753356934e-01
7.724827527999877930e-01
-2.179551124572753906e-01
-1.581959575414657593e-01
2.231100015342235565e-02
-1.074137330055236816e+00
-2.543417811393737793e-01
-1.882058620452880859e+00
1.746237754821777344e+00
-8.797349929809570312e-01
1.101809442043304443e-01
6.380660533905029297e-01
-8.583752512931823730e-01
8.625895977020263672e-01
3.245109319686889648e-02
-1.388859152793884277e+00
-7.703132629394531250e-01
1.369150280952453613e-01
2.944511771202087402e-01
6.306657195091247559e-01
9.137153625488281250e-03
2.026439309120178223e-01
3.974128365516662598e-01
1.630818128585815430e+00
-1.221625566482543945e+00
-3.110289573669433594e-03
-5.221925377845764160e-01
-2.825117409229278564e-01
-8.579490184783935547e-01
-5.008686780929565430e-01
-2.405258655548095703e+00
7.675220370292663574e-01
-1.354211807250976562e+00
-5.319343805313110352e-01
2.425252497196197510e-01
-1.876509785652160645e-01
-1.736461639404296875e+00
-8.982720375061035156e-01
3.627316951751708984e-01
1.397414445877075195e+00
9.896738827228546143e-02
-1.339404225349426270e+00
-7.435658574104309082e-01
-1.035393357276916504e+00
-4.631666839122772217e-02
-8.361719846725463867e-01
-1.100392103195190430e+00
-8.014709353446960449e-01
4.159175753593444824e-01
-9.795206785202026367e-01
8.258839845657348633e-01
8.730778098106384277e-02
5.937789678573608398e-01
-1.289821743965148926e+00
-9.981721639633178711e-03
4.572665691375732422e-01
9.928441047668457031e-02
-5.406438112258911133e-01
-6.598466634750366211e-02
5.076476931571960449e-01
-2.043529748916625977e+00
-7.718030214309692383e-01
1.184568256139755249e-01
5.026619434356689453e-01
1.225658059120178223e+00
9.586000442504882812e-02
-2.043448925018310547e+00
9.630286693572998047e-02
1.820276677608489990e-01
-7.564797401428222656e-01
-4.271097481250762939e-02
-4.312109947204589844e-01
1.629151463508605957e+00
-8.105469942092895508e-01
7.242983579635620117e-02
-1.581447720527648926e-01
-8.427137136459350586e-02
-1.951737523078918457e+00
-3.989901542663574219e-01
-2.041994333267211914e-01
-2.336223125457763672e-01
2.653565406799316406e-01
1.112591028213500977e+00
1.600665330886840820e+00
-5.006868839263916016e-01
-2.402286231517791748e-01
1.835568785667419434e+00
6.378979682922363281e-01
9.557368755340576172e-01
2.990480959415435791e-01
-1.953322440385818481e-01
-8.325783014297485352e-01
-1.340220421552658081e-01
5.051728487014770508e-01
4.823024272918701172e-01
3.846058249473571777e-01
-1.047355175018310547e+00
1.872879862785339355e-01
-8.777920007705688477e-01
-9.626129269599914551e-02
-1.509106040000915527e+00
-1.655483543872833252e-01
-1.105612039566040039e+00
-5.676108598709106445e-02
6.883850693702697754e-02
-1.227418184280395508e+00
3.382011055946350098e-01
1.660341024398803711e+00
-1.695257425308227539e-01
3.370148241519927979e-01
-5.995360016822814941e-01
1.164963960647583008e+00
-1.041200518608093262e+00
-1.019313097000122070e+00
-8.088676929473876953e-01
3.389474153518676758e-01
5.275907516479492188e-01
4.787779748439788818e-01
-1.328139781951904297e+00
2.857347130775451660e-01
-6.276086568832397461e-01
-4.908272251486778259e-02
5.062855482101440430e-01
-1.492585539817810059e+00
-2.443075627088546753e-01
-1.999034166336059570e+00
-4.238764941692352295e-01
-5.622814893722534180e-01
3.990344107151031494e-01
-5.864222049713134766e-01
-3.554716706275939941e-03
-1.174037933349609375e+00
-9.506448507308959961e-01
3.743658959865570068e-01
-7.890824675559997559e-01
1.170515418052673340e-01
-6.237323880195617676e-01
-8.321254849433898926e-01
-3.173614144325256348e-01
-8.998927474021911621e-01
-4.744628071784973145e-01
-5.307650566101074219e-02
-7.627376914024353027e-01
-1.584481000900268555e-01
-9.246402978897094727e-01
-6.919629573822021484e-01
-1.608999520540237427e-01
4.011990129947662354e-01
-8.663491010665893555e-01
-1.305354237556457520e-01
-4.484938383102416992e-01
-4.679016768932342529e-01
-7.233029603958129883e-01
1.111132353544235229e-01
-6.261953115463256836e-01
1.910668462514877319e-01
-8.212462067604064941e-02
-9.211835861206054688e-01
-7.857059240341186523e-01
-4.866404235363006592e-01
4.455572068691253662e-01
-8.914101123809814453e-02
-4.842045605182647705e-01
-9.749159216880798340e-01
3.362161219120025635e-01
-5.631703734397888184e-01
-1.270190626382827759e-01
-9.723714590072631836e-01
3.992527127265930176e-01
2.538246512413024902e-01
-6.661096811294555664e-01
4.914740324020385742e-01
-1.553431749343872070e-01
-3.827319741249084473e-01
-1.285624504089355469e-02
5.867556333541870117e-01
-8.979357779026031494e-02
-2.144008576869964600e-01
1.298610121011734009e-01
-6.483595371246337891e-01
-8.531233072280883789e-01
7.314611673355102539e-01
4.593602418899536133e-01
-7.936829328536987305e-02
-3.265852332115173340e-01
4.655337333679199219e-02
9.341958165168762207e-01
-3.424753546714782715e-01
1.000458598136901855e+00
-1.111881256103515625e+00
3.113870620727539062e-01
-8.555340766906738281e-01
-1.060885190963745117e+00
8.533805608749389648e-03
-1.183355450630187988e-01
2.199175655841827393e-01
6.941597461700439453e-01
5.075829029083251953e-01
-5.264800786972045898e-02
-2.249181419610977173e-01
-4.279646873474121094e-01
9.088592529296875000e-01
8.121019601821899414e-02
-3.088301718235015869e-01
-1.068077206611633301e+00
4.876725673675537109e-01
-2.315563708543777466e-01
-2.307584285736083984e-01
-2.047865092754364014e-02
-5.823805928230285645e-01
-3.724522590637207031e-01
7.745384573936462402e-01
-1.231967687606811523e+00
-2.682606577873229980e-01
3.500238060951232910e-01
-1.002598643302917480e+00
8.962060213088989258e-01
1.928390711545944214e-01
4.355096220970153809e-01
6.313438415527343750e-01
-6.343138217926025391e-01
8.833005428314208984e-01
9.978628158569335938e-01
-2.731715738773345947e-01
3.470615148544311523e-01
-1.055551409721374512e+00
-6.862940788269042969e-01
-4.948455691337585449e-01
2.878872156143188477e-01
1.060455918312072754e+00
-3.410786986351013184e-01
4.462051093578338623e-01
7.488716840744018555e-01
4.811092317104339600e-01
6.699042916297912598e-01
1.477245330810546875e+00
-2.274330854415893555e-01
-6.014171838760375977e-01
2.889019250869750977e-02
6.998483538627624512e-01
8.105129003524780273e-01
9.117138385772705078e-02
-2.283443212509155273e-01
8.415500819683074951e-02
7.322140336036682129e-01
4.052400588989257812e-01
2.649944424629211426e-01
1.191405355930328369e-01
7.451977729797363281e-01
-3.923660218715667725e-01
2.271716892719268799e-01
8.972364664077758789e-01
7.499902248382568359e-01
-4.527105391025543213e-01
1.079698801040649414e-01
1.051974177360534668e+00
3.406392633914947510e-01
3.863688111305236816e-01
6.147546172142028809e-01
1.096547603607177734e+00
-1.463561803102493286e-01
1.361934840679168701e-02
-1.555118262767791748e-01
9.018917083740234375e-01
2.513022422790527344e-01
-2.112619876861572266e-01
3.134198784828186035e-01
1.057395696640014648e+00
-2.413177788257598877e-01
8.705586194992065430e-02
-1.425310373306274414e-01
-1.741208136081695557e-02
-1.244801878929138184e-01
-6.618171930313110352e-01
-2.565272152423858643e-02
-4.309236407279968262e-01
6.656101942062377930e-01
7.800859212875366211e-01
-5.464340448379516602e-01
-6.786539554595947266e-01
1.176879405975341797e-01
1.661060452461242676e-01
8.258264064788818359e-01
2.604875564575195312e-01
4.970718622207641602e-01
1.554494380950927734e+00
-8.596381545066833496e-01
3.477029502391815186e-01
3.755950331687927246e-01
-6.364333033561706543e-01
4.336793124675750732e-01
4.087839722633361816e-01
1.118335247039794922e+00
6.813209652900695801e-01
1.557176113128662109e+00
-1.504891216754913330e-01
1.150116682052612305e+00
5.512685775756835938e-01
8.536240458488464355e-01
6.514657735824584961e-01
-7.664965391159057617e-01
-1.321804523468017578e-01
2.524964213371276855e-01
4.425887465476989746e-01
6.014571785926818848e-01
-4.257118701934814453e-02
-1.649667173624038696e-01
1.841822624206542969e+00
-1.284866333007812500e+00
9.038826227188110352e-01
1.309765100479125977e+00
-4.877076745033264160e-01
-2.803991436958312988e-01
7.691913843154907227e-01
3.365647196769714355e-01
1.334245562553405762e+00
1.376913666725158691e+00
4.680347442626953125e-01
5.970902442932128906e-01
4.294854402542114258e-01
1.447934031486511230e+00
1.584993839263916016e+00
1.664840579032897949e-01
2.408683300018310547e-01
8.087896108627319336e-01
1.532606363296508789e+00
8.294548988342285156e-01
9.459425210952758789e-01
1.483789920806884766e+00
9.253513813018798828e-02
-7.885062694549560547e-01
3.808057904243469238e-01
-7.409831881523132324e-01
1.501113891601562500e+00
2.524959444999694824e-01
4.354947209358215332e-01
-5.354408025741577148e-01
4.149906039237976074e-01
8.995367288589477539e-01
-1.389968246221542358e-01
1.925146579742431641e-02
1.594106435775756836e+00
-2.138605117797851562e-01
2.394928783178329468e-01
4.281095266342163086e-01
4.419777691364288330e-01
-3.936867415904998779e-01
4.591456800699234009e-02
-6.900664567947387695e-01
6.597064137458801270e-01
3.726571798324584961e-02
1.804071813821792603e-01
6.583840847015380859e-01
1.157569646835327148e+00
2.392912954092025757e-01
1.114458084106445312e+00
-2.158623933792114258e-02
-1.343966871500015259e-01
7.026017904281616211e-01
4.933814406394958496e-01
1.277047395706176758e+00
-1.350713014602661133e+00
3.551698327064514160e-01
-6.738144159317016602e-02
5.816487669944763184e-01
3.164170384407043457e-01
3.402862548828125000e-01
1.423639893531799316e+00
2.108829319477081299e-01
-4.821543991565704346e-01
8.759541511535644531e-01
-1.851474046707153320e+00
1.714756488800048828e+00
-5.282181501388549805e-01
-1.174447014927864075e-01
-1.054204702377319336e+00
1.922882497310638428e-01
-5.627459883689880371e-01
-2.200925052165985107e-01
-5.816642045974731445e-01
-1.215650886297225952e-01
7.932204008102416992e-02
5.640069246292114258e-01
6.015543341636657715e-01
-6.670286059379577637e-01
-1.555185019969940186e-02
-3.844165802001953125e-02
-6.223575472831726074e-01
-5.342161655426025391e-02
-2.531302273273468018e-01
1.194364905357360840e+00
-4.957444667816162109e-01
-9.054302573204040527e-01
-2.697643339633941650e-01
-1.097663640975952148e+00
8.333409428596496582e-01
-6.577160954475402832e-01
3.249657154083251953e-02
-8.025451302528381348e-01
2.603988885879516602e+00
9.851022958755493164e-01
-6.403311491012573242e-01
3.128795623779296875e-01
-7.876804471015930176e-01
-2.613200545310974121e-01
-5.040666460990905762e-01
8.117254972457885742e-01
-1.900116354227066040e-01
1.065318286418914795e-01
-1.448237538337707520e+00
6.329652667045593262e-02
-4.737091660499572754e-01
2.645272016525268555e-01
-5.802939534187316895e-01
2.312073111534118652e-01
-1.355633020401000977e+00
-3.620744943618774414e-01
-7.232157588005065918e-01
-4.975020289421081543e-01
-5.097421407699584961e-01
-7.375339269638061523e-01
-3.534071147441864014e-01
-1.722074747085571289e-01
4.864977598190307617e-01
-1.451939821243286133e+00
2.058092594146728516e+00
1.050139665603637695e+00
-9.259213507175445557e-02
-9.984889626502990723e-02
7.256970405578613281e-01
-3.295151591300964355e-01
-5.904526114463806152e-01
-2.211500257253646851e-01
-2.115935385227203369e-01
7.743558287620544434e-01
5.718435049057006836e-01
-6.099686026573181152e-02
-9.090880155563354492e-01
1.506397843360900879e+00
1.097365766763687134e-01
-5.804749131202697754e-01
1.520298272371292114e-01
-1.129399180412292480e+00
-1.669756621122360229e-01
