1.249181270599365234e+00
1.653440475463867188e+00
1.212494254112243652e+00
2.080588817596435547e+00
1.371647119522094727e+00
1.559395313262939453e+00
1.627341508865356445e+00
2.202476739883422852e+00
1.920053482055664062e+00
2.049808979034423828e+00
1.849106431007385254e+00
1.996503353118896484e+00
1.177224874496459961e+00
2.343246936798095703e+00
2.229613542556762695e+00
1.794540524482727051e+00
1.806524872779846191e+00
1.308065414428710938e+00
1.023228168487548828e+00
1.745574116706848145e+00
2.260115146636962891e+00
1.176570296287536621e+00
1.672765016555786133e+00
1.283613443374633789e+00
1.948153853416442871e+00
1.206640601158142090e+00
1.925617694854736328e+00
1.830636978149414062e+00
1.167332172393798828e+00
9.237068891525268555e-01
1.231024146080017090e+00
2.073627710342407227e+00
2.129424571990966797e+00
9.623241424560546875e-01
2.155270814895629883e+00
2.028011798858642578e+00
1.727229237556457520e+00
1.124801754951477051e+00
1.429846405982971191e+00
1.050362348556518555e+00
2.309998512268066406e+00
2.098351240158081055e+00
1.416479825973510742e+00
1.910837292671203613e+00
2.405160427093505859e+00
5.756102800369262695e-01
1.347888469696044922e+00
1.764648914337158203e+00
1.736805915832519531e+00
1.820251107215881348e+00
1.598794221878051758e+00
1.056572318077087402e+00
1.761306405067443848e+00
1.541256904602050781e+00
1.738645315170288086e+00
1.976530909538269043e+00
1.328106880187988281e+00
1.229133725166320801e+00
1.667769908905029297e+00
1.483082890510559082e+00
1.306627988815307617e+00
1.819880604743957520e+00
1.247083425521850586e+00
1.300450682640075684e+00
7.489957809448242188e-01
9.907550811767578125e-01
2.095253944396972656e+00
1.731616258621215820e+00
8.784872293472290039e-01
1.659027099609375000e+00
1.763634920120239258e+00
1.986216306686401367e+00
1.816696286201477051e+00
1.577672004699707031e+00
1.397079229354858398e+00
1.296841144561767578e+00
1.968813180923461914e+00
9.121609926223754883e-01
2.121036529541015625e+00
1.946739554405212402e+00
1.207026600837707520e+00
1.980187773704528809e+00
1.720125198364257812e+00
6.538206338882446289e-01
2.273358583450317383e+00
1.823414564132690430e+00
1.997491478919982910e+00
1.989170789718627930e+00
1.401442289352416992e+00
1.884627819061279297e+00
1.163559556007385254e+00
1.896350622177124023e+00
1.567938566207885742e+00
9.831345677375793457e-01
1.412191629409790039e+00
9.233065843582153320e-01
1.554955124855041504e+00
1.036608457565307617e+00
1.441538572311401367e+00
1.333783149719238281e+00
1.186086177825927734e+00
1.179232001304626465e+00
1.806032896041870117e+00
9.956101179122924805e-01
2.026683330535888672e+00
1.406754851341247559e+00
1.460874199867248535e+00
1.621309280395507812e+00
-2.489522397518157959e-01
2.351979017257690430e-01
-6.204826831817626953e-01
1.221399903297424316e-01
1.144803464412689209e-01
3.666552901268005371e-01
9.711405634880065918e-02
-3.339353203773498535e-02
4.358916282653808594e-01
-3.113957047462463379e-01
2.210987210273742676e-01
-8.112197518348693848e-01
5.036005377769470215e-01
9.362198114395141602e-01
-6.646574735641479492e-01
-6.594682931900024414e-01
-1.567643135786056519e-01
-2.068298012018203735e-01
-2.596625983715057373e-01
-2.853545844554901123e-01
-4.237681627273559570e-02
4.885138571262359619e-01
1.277522444725036621e-01
-4.388498365879058838e-01
-3.380676507949829102e-01
-5.322898626327514648e-01
-3.893622756004333496e-02
-4.491201639175415039e-01
1.307159066200256348e-01
-6.024023294448852539e-01
-1.108407974243164062e-01
4.813643395900726318e-01
-1.675707697868347168e-01
2.134819030761718750e-01
-4.186542928218841553e-01
7.345698773860931396e-02
1.349175095558166504e+00
2.348870038986206055e-02
-1.541714519262313843e-01
-7.171702980995178223e-01
2.322875022888183594e+00
1.503818482160568237e-01
-3.901872038841247559e-02
-2.078677713871002197e-01
-4.482269287109375000e-02
1.017415523529052734e-02
-1.324306279420852661e-01
1.777221441268920898e+00
-2.418356537818908691e-01
6.376913785934448242e-01
-4.551241993904113770e-01
1.634023934602737427e-01
-4.823784232139587402e-01
-5.013813376426696777e-01
-8.460060358047485352e-01
2.483688294887542725e-01
7.108997702598571777e-01
1.427208185195922852e+00
-3.965537846088409424e-01
-4.414556622505187988e-01
-2.930290102958679199e-01
3.572515249252319336e-01
-3.732393980026245117e-01
6.215913593769073486e-02
-7.054114341735839844e-01
2.835575938224792480e-01
-2.765356600284576416e-01
6.065744161605834961e-02
-4.407188594341278076e-01
-9.647533297538757324e-02
2.773179709911346436e-01
8.238670229911804199e-02
5.870687961578369141e-02
3.087730109691619873e-01
7.209600508213043213e-02
2.678227424621582031e-02
-1.920377016067504883e-01
-1.621247828006744385e-01
-1.259300112724304199e-02
4.269306659698486328e-01
1.113234460353851318e-01
-3.361411094665527344e-01
-1.496649682521820068e-01
1.311157226562500000e+00
-3.581193089485168457e-01
-2.891571819782257080e-01
6.439407467842102051e-01
1.526674479246139526e-01
-1.685699939727783203e+00
1.274054765701293945e+00
-1.563802480697631836e+00
7.645111680030822754e-01
5.979799628257751465e-01
-1.636244058609008789e+00
-2.318567752838134766e+00
4.473184347152709961e-01
1.995362937450408936e-01
3.589867651462554932e-01
1.493885517120361328e-01
1.334941387176513672e+00
-2.172287225723266602e+00
-1.224104881286621094e+00
-1.410356521606445312e+00
1.099222183227539062e+00
-1.300719499588012695e+00
8.693386316299438477e-01
3.776434659957885742e-01
-1.096287965774536133e+00
-9.193161129951477051e-01
-1.071077704429626465e+00
-1.940777301788330078e+00
-1.752278804779052734e+00
1.235706880688667297e-01
-1.565370917320251465e+00
-1.957302927970886230e+00
1.294758915901184082e+00
1.433269143104553223e+00
-1.599766492843627930e+00
-1.334175586700439453e+00
9.412099123001098633e-01
-1.874353051185607910e+00
-1.681595921516418457e+00
1.570156455039978027e+00
-2.106577396392822266e+00
-1.413003921508789062e+00
-2.226881504058837891e+00
1.034889340400695801e+00
-1.376198977231979370e-01
1.040693044662475586e+00
3.980969786643981934e-01
9.162393808364868164e-01
-1.767951011657714844e+00
2.643831670284271240e-01
1.207810640335083008e+00
1.289876937866210938e+00
2.154570102691650391e+00
1.193318128585815430e+00
9.720019698143005371e-01
-1.287517547607421875e-01
7.381353974342346191e-01
1.144973874092102051e+00
7.031799554824829102e-01
-2.030421733856201172e+00
-2.315786838531494141e+00
1.463901519775390625e+00
-1.246031522750854492e+00
-1.955084085464477539e+00
-1.969634652137756348e+00
1.849263310432434082e-01
7.029683589935302734e-01
1.096459746360778809e+00
1.661544919013977051e+00
8.916512131690979004e-01
1.103687286376953125e+00
-1.374229907989501953e+00
1.023294627666473389e-01
1.082874894142150879e+00
-1.820638656616210938e+00
-1.630750417709350586e+00
9.264336824417114258e-01
7.164880633354187012e-03
8.856050968170166016e-01
-1.854478120803833008e+00
-1.881906986236572266e+00
-2.541811466217041016e+00
1.173949360847473145e+00
6.044319868087768555e-01
-1.236749649047851562e+00
8.388600349426269531e-01
-1.445823669433593750e+00
9.408995509147644043e-01
-1.097227811813354492e+00
7.297781705856323242e-01
-1.551075935363769531e+00
6.794424057006835938e-01
-1.442485094070434570e+00
-9.366902709007263184e-02
1.325439810752868652e+00
2.251198291778564453e-01
-1.144866108894348145e+00
4.483432769775390625e-01
5.598210096359252930e-01
1.303660392761230469e+00
-5.209876298904418945e-01
8.315579295158386230e-01
1.284334659576416016e-01
1.180741667747497559e+00
-1.085081934928894043e+00
8.903923034667968750e-01
-1.759707212448120117e+00
4.915185272693634033e-01
-2.101363420486450195e+00
-1.009019911289215088e-01
-2.010617733001708984e+00
6.664915084838867188e-01
-2.227109909057617188e+00
2.511559128761291504e-01
-8.315645456314086914e-01
-1.401077032089233398e+00
-1.348159193992614746e+00
-1.799917697906494141e+00
8.113456964492797852e-01
1.810099005699157715e+00
1.742975711822509766e-01
-1.061075925827026367e+00
-1.884904384613037109e+00
-2.283941984176635742e+00
4.011494159698486328e+00
-1.518589735031127930e+00
4.867602586746215820e-01
8.532594442367553711e-01
-1.414000272750854492e+00
1.965248584747314453e-01
1.491772413253784180e+00
-1.141946554183959961e+00
-1.858324766159057617e+00
-1.532616376876831055e+00
8.849629163742065430e-01
-1.768007874488830566e+00
2.896102428436279297e+00
1.406034946441650391e+00
-1.130651235580444336e+00
-1.522066593170166016e+00
1.431035995483398438e+00
9.453896880149841309e-01
1.201431989669799805e+00
8.633284568786621094e-01
-1.586385488510131836e+00
9.465246200561523438e-01
-8.772314190864562988e-01
-1.145817995071411133e+00
5.300667881965637207e-01
9.620066285133361816e-01
-1.925818204879760742e+00
-1.692217946052551270e+00
8.731150627136230469e-01
-1.051853299140930176e-01
-1.523092627525329590e+00
-1.109259486198425293e+00
-1.800370573997497559e+00
-1.778325557708740234e+00
-1.754040479660034180e+00
-1.547377109527587891e+00
-1.926749706268310547e+00
-1.044014930725097656e+00
-2.034195423126220703e+00
-1.650813221931457520e+00
-1.680108070373535156e+00
1.634369254112243652e+00
1.368250370025634766e+00
-1.735238909721374512e+00
7.587515115737915039e-01
-1.737795829772949219e+00
-2.055567502975463867e+00
-9.809622168540954590e-02
5.140107870101928711e-01
-1.563592255115509033e-01
8.388459682464599609e-01
-1.838499903678894043e+00
1.046348333358764648e+00
-1.881519556045532227e+00
7.978060245513916016e-01
4.908607602119445801e-01
-1.436610221862792969e+00
-1.577237248420715332e+00
-1.684937000274658203e+00
1.628222018480300903e-01
2.681787729263305664e+00
7.454860806465148926e-01
-1.385792493820190430e+00
-1.561910390853881836e+00
7.075043916702270508e-01
1.466274112462997437e-01
-9.736397266387939453e-01
-2.504499435424804688e+00
1.256617546081542969e+00
-1.209690213203430176e+00
3.667382299900054932e-01
1.411457777023315430e+00
-1.620273709297180176e+00
8.550696969032287598e-01
-1.795972704887390137e+00
-6.935167908668518066e-01
2.527573704719543457e-02
-1.679411411285400391e+00
-1.750479102134704590e+00
-1.325684428215026855e+00
-1.436745524406433105e+00
2.584907531738281250e+00
-1.732847392559051514e-01
-1.036015033721923828e+00
1.082352995872497559e+00
1.151623368263244629e+00
-1.422378301620483398e+00
9.731115102767944336e-01
9.159600734710693359e-02
2.016220569610595703e+00
9.982013702392578125e-01
-4.743110537528991699e-01
5.795713663101196289e-01
-1.762105941772460938e+00
7.778697013854980469e-01
-1.273121356964111328e+00
-1.385683059692382812e+00
1.715249657630920410e+00
-1.743738889694213867e+00
1.096008718013763428e-01
-1.795668363571166992e+00
1.556880921125411987e-01
1.281800866127014160e-02
-6.776458024978637695e-02
-2.690870463848114014e-01
-1.151822209358215332e-01
9.420983791351318359e-01
5.264257192611694336e-01
8.023424148559570312e-01
-2.412960290908813477e+00
-5.385156869888305664e-01
-1.176510334014892578e+00
-1.832918286323547363e+00
-3.244519233703613281e-01
-7.336109876632690430e-02
1.064801931381225586e+00
-2.450272321701049805e+00
-3.853609561920166016e-01
-1.794739484786987305e+00
-3.962219953536987305e-01
-1.761353850364685059e+00
2.295466065406799316e-01
1.078959226608276367e+00
8.239548206329345703e-01
-3.474496603012084961e-01
1.122905373573303223e+00
4.826864004135131836e-01
9.541460275650024414e-01
-2.347252666950225830e-01
6.384395062923431396e-02
1.171961426734924316e-01
-1.126834750175476074e+00
7.310312986373901367e-02
-2.308046221733093262e-01
7.856318354606628418e-02
1.286282181739807129e+00
8.872041702270507812e-01
4.078270792961120605e-01
1.029218673706054688e+00
-1.774314999580383301e+00
-1.415819227695465088e-01
4.410015940666198730e-01
4.441767632961273193e-01
-5.950071811676025391e-01
4.693177342414855957e-01
2.440272718667984009e-01
-2.015221118927001953e-01
-1.826462268829345703e+00
-1.511445164680480957e+00
-1.757401376962661743e-01
2.057331502437591553e-01
-2.205997109413146973e-01
-6.147356033325195312e-01
1.533966362476348877e-01
-2.126143693923950195e+00
4.728895723819732666e-01
3.080850839614868164e-02
-1.856386303901672363e+00
-1.058703213930130005e-01
-2.604566812515258789e-01
-6.744183301925659180e-01
8.186872303485870361e-02
-3.927427828311920166e-01
-7.792466878890991211e-01
-1.403971076011657715e+00
-2.495884895324707031e-01
1.363605141639709473e+00
-6.555894613265991211e-01
2.385404706001281738e-01
-1.594513535499572754e+00
1.492832422256469727e+00
-1.379232645034790039e+00
1.375481128692626953e+00
2.091962993144989014e-01
-1.260688304901123047e+00
-4.751963615417480469e-01
-4.838754236698150635e-01
-6.965939998626708984e-01
2.058625370264053345e-01
-6.722091436386108398e-01
9.516497850418090820e-01
1.003505468368530273e+00
7.295690476894378662e-02
4.295440912246704102e-01
-5.497844815254211426e-01
-1.031452894210815430e+00
-5.800653100013732910e-01
-1.858521223068237305e+00
1.611009538173675537e-01
-1.292201757431030273e+00
-1.637085437774658203e+00
-2.123465538024902344e-01
7.344111800193786621e-01
-1.847137212753295898e+00
9.153322875499725342e-02
-8.246539831161499023e-01
2.347484380006790161e-01
2.471578121185302734e-02
-2.191261768341064453e+00
6.213864684104919434e-01
-1.461580753326416016e+00
-4.630984067916870117e-01
-4.288087487220764160e-01
-9.482780098915100098e-02
1.102510094642639160e+00
8.713006973266601562e-01
-4.516748189926147461e-01
4.905670881271362305e-01
9.960781931877136230e-01
-2.314598262310028076e-01
-8.235123157501220703e-01
-2.165226459503173828e+00
6.146683692932128906e-01
-4.132746458053588867e-01
3.412698507308959961e-01
-1.456470131874084473e+00
-3.298379480838775635e-01
6.610980629920959473e-01
5.737268179655075073e-02
9.816840887069702148e-01
-1.601860076189041138e-01
-2.212277650833129883e+00
8.630957007408142090e-01
-3.465330600738525391e-01
-1.631961464881896973e-01
-1.186178922653198242e+00
-7.627660781145095825e-02
4.270060062408447266e-01
2.096014022827148438e-01
-1.552035450935363770e+00
-1.652686119079589844e+00
1.526713490486145020e+00
-8.356155753135681152e-01
-1.559415102005004883e+00
-2.300589829683303833e-01
-1.816752433776855469e+00
-1.285453587770462036e-01
-4.119108319282531738e-01
7.566725015640258789e-01
4.016346633434295654e-01
-1.261744737625122070e+00
-1.508225202560424805e+00
-8.422133922576904297e-01
3.060841560363769531e-02
1.268019676208496094e-01
-4.050695002079010010e-01
-1.331384181976318359e+00
-1.778700709342956543e+00
1.111886858940124512e+00
-6.462341547012329102e-02
1.878425329923629761e-01
-3.542026579380035400e-01
5.622040629386901855e-01
1.809984445571899414e-02
4.195103645324707031e-01
-3.824475705623626709e-01
1.057021021842956543e+00
1.227034568786621094e+00
7.363956570625305176e-01
-2.513552904129028320e-01
-8.423934578895568848e-01
1.114247739315032959e-01
6.989663839340209961e-02
-1.185145452618598938e-01
-1.012742668390274048e-01
-1.722910165786743164e+00
2.839352488517761230e-01
1.914163082838058472e-01
-4.126836955547332764e-01
-1.869140982627868652e+00
-1.031316041946411133e+00
-1.979252815246582031e+00
-1.531000614166259766e+00
-1.493761301040649414e+00
8.742684125900268555e-02
2.878580093383789062e-01
3.460632264614105225e-02
-1.591008424758911133e+00
1.017007380723953247e-01
4.493948221206665039e-01
1.495705395936965942e-01
1.594635248184204102e-01
2.238524556159973145e-01
1.356694996356964111e-01
-1.853345632553100586e+00
-1.516709089279174805e+00
-1.788468480110168457e+00
7.561421394348144531e-01
1.575821638107299805e-02
-1.456433057785034180e+00
-1.852647662162780762e-01
-1.216137707233428955e-01
5.829671025276184082e-01
-1.963474750518798828e+00
-1.434635281562805176e+00
3.538635075092315674e-01
8.913411498069763184e-01
1.549051761627197266e+00
6.495691537857055664e-01
-4.068286418914794922e-01
-1.101299047470092773e+00
1.596082448959350586e-01
9.093515872955322266e-01
1.874005794525146484e-02
2.031362503767013550e-01
-6.854870915412902832e-02
-1.608883619308471680e+00
1.363920420408248901e-01
-6.901335716247558594e-02
1.022231221199035645e+00
-2.140314429998397827e-01
-1.752992033958435059e+00
-1.695837736129760742e+00
4.724326729774475098e-01
1.533788681030273438e+00
-1.576217561960220337e-01
1.209467411041259766e+00
-6.037208437919616699e-01
-9.042394161224365234e-02
-4.465475678443908691e-03
-1.633661508560180664e+00
-3.890193998813629150e-01
-5.011772513389587402e-01
3.672680258750915527e-01
-3.214553892612457275e-01
1.113051295280456543e+00
-1.775622606277465820e+00
1.825874149799346924e-01
-5.006689429283142090e-01
-1.917195558547973633e+00
1.283152401447296143e-02
-5.797250568866729736e-02
7.501340508460998535e-01
2.714694142341613770e-01
-2.620359659194946289e-01
3.175432682037353516e-01
-7.767750024795532227e-01
-3.505099713802337646e-01
1.167147874832153320e+00
9.553297162055969238e-01
-1.438470125198364258e+00
5.166186690330505371e-01
2.977993190288543701e-01
-9.550154209136962891e-03
-1.634290575981140137e+00
7.529902458190917969e-01
-1.306717753410339355e+00
4.842312633991241455e-02
9.353563189506530762e-02
-1.589639902114868164e+00
-1.560707688331604004e+00
-1.733313560485839844e+00
-4.544964432716369629e-02
2.757338285446166992e-01
3.696885704994201660e-01
7.559771835803985596e-02
-1.422235250473022461e+00
-3.990798443555831909e-02
3.135988116264343262e-01
1.180981159210205078e+00
2.391048073768615723e-01
1.814195662736892700e-01
-1.488785624504089355e+00
-1.772583246231079102e+00
-9.661005139350891113e-01
-2.404217272996902466e-01
-1.696203827857971191e+00
3.621658682823181152e-01
-2.041203975677490234e-01
-1.862381219863891602e+00
-2.172048807144165039e+00
-1.665331721305847168e-01
4.125151336193084717e-01
9.394279718399047852e-01
-1.062676310539245605e+00
2.426607757806777954e-01
-2.253651469945907593e-01
9.357076883316040039e-02
9.497520923614501953e-01
-1.838226556777954102e+00
-3.151805877685546875e+00
2.204614430665969849e-01
2.062374651432037354e-01
-5.571585297584533691e-01
1.902026295661926270e+00
-1.551465153694152832e+00
-2.227514982223510742e-01
1.838357746601104736e-01
1.470965892076492310e-01
-1.618396759033203125e+00
-1.461281776428222656e+00
-1.273076772689819336e+00
-1.635532140731811523e+00
-1.478908538818359375e+00
1.259815216064453125e+00
6.712086498737335205e-03
4.059640169143676758e-01
-1.469961047172546387e+00
7.186159491539001465e-01
-1.640171527862548828e+00
-1.631846666336059570e+00
7.677254676818847656e-01
-6.438249945640563965e-01
-6.697205305099487305e-01
-2.909077107906341553e-01
7.439773082733154297e-01
-1.786216735839843750e+00
6.097542047500610352e-01
8.754040002822875977e-01
-1.282523036003112793e+00
-3.651801347732543945e-01
-3.489415645599365234e-01
-2.006309509277343750e+00
4.611642956733703613e-01
-1.913356781005859375e+00
-1.268303394317626953e-01
9.884948730468750000e-01
5.752099752426147461e-01
1.352015018463134766e+00
1.294834494590759277e+00
3.491216897964477539e-01
-1.183086037635803223e-01
4.910702109336853027e-01
9.134612083435058594e-01
-2.271761894226074219e+00
1.198669314384460449e+00
-2.738138139247894287e-01
-1.487478971481323242e+00
-5.381456017494201660e-01
-2.740734815597534180e-02
4.483824968338012695e-02
-1.801988005638122559e+00
1.865980029106140137e-01
3.458119630813598633e-01
2.219426184892654419e-01
1.053924322128295898e+00
-1.192107498645782471e-01
-1.620451211929321289e+00
7.379258871078491211e-01
1.470909595489501953e+00
-4.868542551994323730e-01
7.248234748840332031e-02
-1.614642739295959473e+00
-1.770356297492980957e-01
4.206161201000213623e-01
-1.301628828048706055e+00
-2.073911428451538086e+00
1.428275465965270996e+00
-5.340709090232849121e-01
-2.999608218669891357e-01
-6.530156731605529785e-01
5.924227833747863770e-01
-7.577840089797973633e-01
-1.292041063308715820e+00
1.789278388023376465e-01
-1.563984394073486328e+00
1.532542109489440918e+00
-1.192337572574615479e-01
-4.792212247848510742e-01
3.371313214302062988e-03
-3.126781284809112549e-01
-5.286810398101806641e-01
8.764106035232543945e-02
8.574874401092529297e-01
-1.359598189592361450e-01
-2.837492227554321289e+00
-2.448761314153671265e-01
-2.985228002071380615e-01
4.737237393856048584e-01
-2.549957275390625000e+00
-7.101172208786010742e-01
4.832187891006469727e-01
-1.600110650062561035e+00
-3.222874402999877930e-01
-1.854865074157714844e+00
1.704453468322753906e+00
-2.644424140453338623e-01
1.624588966369628906e-01
-1.502445697784423828e+00
-1.256126165390014648e-01
-1.576656460762023926e+00
-2.280044555664062500e-01
-2.407005429267883301e-01
-1.345691680908203125e-01
1.270742893218994141e+00
-4.570562541484832764e-01
-7.723392844200134277e-01
-1.027017712593078613e+00
-4.290103316307067871e-01
-4.912596940994262695e-02
-1.098238468170166016e+00
-1.985847473144531250e+00
-4.172292053699493408e-01
9.260808229446411133e-01
-1.600603580474853516e+00
3.887498378753662109e-01
-1.396353840827941895e-01
9.675042331218719482e-02
-5.292007923126220703e-01
-1.042504549026489258e+00
8.765608072280883789e-02
-2.044626474380493164e+00
-1.560761034488677979e-01
2.547259926795959473e-01
2.309486567974090576e-01
2.365585863590240479e-01
-2.354583978652954102e+00
5.188646316528320312e-01
2.711374163627624512e-01
9.864071011543273926e-01
-1.321436285972595215e+00
2.401611208915710449e-01
4.555667936801910400e-01
-2.032749652862548828e+00
-2.350482225418090820e+00
-1.019885659217834473e+00
4.677674174308776855e-01
6.089553236961364746e-01
-4.203869700431823730e-01
-1.864275932312011719e+00
-1.477265715599060059e+00
-6.596863269805908203e-01
6.278818845748901367e-02
1.940128207206726074e-01
-1.080968260765075684e+00
1.752555370330810547e-03
-8.829608559608459473e-01
-8.326843976974487305e-01
8.826655149459838867e-02
9.179956912994384766e-01
-1.843745589256286621e+00
1.983388066291809082e-01
-2.961462736129760742e-01
-1.743820905685424805e-01
-1.771981954574584961e+00
-1.992689490318298340e+00
-1.727347135543823242e+00
5.632874965667724609e-01
2.877013087272644043e-01
-4.711898267269134521e-01
-1.227679252624511719e-01
3.546805381774902344e-01
1.504323482513427734e-01
-5.256994962692260742e-01
-1.534970700740814209e-01
-1.245021224021911621e+00
2.760329246520996094e-01
-9.050222635269165039e-01
-7.579352855682373047e-01
-2.088415622711181641e-02
3.397771716117858887e-01
1.401619613170623779e-01
-2.327006757259368896e-01
-1.170826852321624756e-01
-1.576798111200332642e-01
-2.277018129825592041e-01
-1.070784449577331543e+00
-8.597733378410339355e-01
-1.373453497886657715e+00
1.390952467918395996e+00
2.276904508471488953e-02
-1.637440770864486694e-01
1.843848586082458496e+00
4.730092585086822510e-01
-1.564019322395324707e+00
-2.104923486709594727e+00
1.986582875251770020e-01
-2.669390141963958740e-01
3.286509513854980469e-01
-1.007142305374145508e+00
1.391018271446228027e+00
3.770285248756408691e-01
6.558287143707275391e-02
-3.883870840072631836e-01
-5.338147878646850586e-01
-9.967870712280273438e-01
5.887689590454101562e-01
6.978334486484527588e-02
-1.052730306982994080e-01
1.769551753997802734e+00
-1.506955385208129883e+00
3.558923006057739258e-01
-2.640113234519958496e-02
-2.998501062393188477e-01
6.349449157714843750e-01
2.623252272605895996e-01
-2.171604633331298828e-01
-4.972091913223266602e-01
-2.399133443832397461e-01
9.159191250801086426e-01
-2.111734449863433838e-01
6.022499799728393555e-01
7.780537605285644531e-01
-7.234948277473449707e-01
-3.409502506256103516e-01
3.922352492809295654e-01
5.783772468566894531e-02
-1.491281509399414062e+00
-2.214709818363189697e-01
1.030365377664566040e-01
4.751387834548950195e-01
4.965745806694030762e-01
5.031546950340270996e-02
-2.709683179855346680e-01
1.179017126560211182e-01
-2.025956630706787109e+00
1.908719539642333984e-02
-2.188104391098022461e-02
2.583711445331573486e-01
3.252967000007629395e-01
3.617890477180480957e-01
-1.065160393714904785e+00
1.006357073783874512e+00
1.250091046094894409e-01
-1.431962728500366211e+00
-3.335216045379638672e-01
-1.533144950866699219e+00
4.116964936256408691e-01
-4.648565948009490967e-01
1.235298514366149902e+00
4.776810705661773682e-01
1.193831443786621094e+00
1.110005259513854980e+00
1.780136466026306152e+00
1.027553677558898926e+00
-3.040325641632080078e-02
-5.887970328330993652e-02
1.065991163253784180e+00
-8.888661265373229980e-01
3.210326731204986572e-01
4.649353921413421631e-01
1.667375415563583374e-01
-1.657338440418243408e-02
-1.646779537200927734e+00
-1.898326575756072998e-01
-1.723907351493835449e+00
1.959122538566589355e+00
-1.539223432540893555e+00
1.782530993223190308e-01
8.769630193710327148e-01
-4.443533420562744141e-01
-1.117273718118667603e-01
-1.236768245697021484e+00
-1.251405596733093262e+00
-7.527043223381042480e-01
6.816760301589965820e-01
7.434513568878173828e-01
-2.716913521289825439e-01
-1.551515161991119385e-01
-5.517397075891494751e-02
3.553641438484191895e-01
2.033076763153076172e+00
-1.122505664825439453e+00
3.815006315708160400e-01
-9.598321318626403809e-01
1.128871887922286987e-01
-2.436350733041763306e-01
4.248038828372955322e-01
-2.254936933517456055e+00
-1.244199275970458984e-02
-2.214703559875488281e+00
-2.311933934688568115e-01
8.214145898818969727e-02
-4.531546831130981445e-01
-1.601480960845947266e+00
-2.049342393875122070e+00
-6.890028715133666992e-01
2.824504077434539795e-01
9.560690522193908691e-01
-4.624176919460296631e-01
-5.605493187904357910e-01
-2.024439811706542969e+00
8.229744434356689453e-01
-1.587862372398376465e+00
-1.394066333770751953e+00
-2.284596443176269531e+00
7.165729999542236328e-01
-1.459955215454101562e+00
-4.734943807125091553e-02
-3.438686132431030273e-01
1.125964969396591187e-01
-2.289842128753662109e+00
-1.438584476709365845e-01
-3.545437455177307129e-01
8.438735604286193848e-01
-7.072700262069702148e-01
1.351473629474639893e-01
1.862454414367675781e-01
-1.301695227622985840e+00
-1.798865199089050293e+00
-3.368283212184906006e-01
2.095225453376770020e-01
1.301341533660888672e+00
4.082227945327758789e-01
-2.131258726119995117e+00
7.785873413085937500e-01
-6.729879975318908691e-01
-1.383676528930664062e+00
2.374623715877532959e-02
-1.004511833190917969e+00
1.372326135635375977e+00
-9.886360168457031250e-01
-3.925751149654388428e-01
1.668531447649002075e-02
-9.224346280097961426e-02
-1.273594737052917480e+00
-1.387498974800109863e-01
-3.765305876731872559e-01
6.738438010215759277e-01
-1.061018466949462891e+00
2.543865144252777100e-02
1.626041889190673828e+00
-1.288127303123474121e+00
-3.819987773895263672e-01
1.705202579498291016e+00
2.300741970539093018e-01
3.175720572471618652e-01
-5.540232658386230469e-01
2.093012630939483643e-01
-2.076056003570556641e+00
-1.534766852855682373e-01
4.631549119949340820e-03
6.968375444412231445e-01
1.547449827194213867e-01
-1.868051648139953613e+00
2.188504338264465332e-01
-2.196937203407287598e-01
-5.277332663536071777e-02
-1.638227224349975586e+00
-1.436073780059814453e+00
-1.554201245307922363e-01
-1.684304773807525635e-01
-2.437904924154281616e-01
-2.109084844589233398e+00
7.785344123840332031e-02
7.816627025604248047e-01
1.468674689531326294e-01
6.815378069877624512e-01
-1.539357542991638184e+00
1.765873670578002930e+00
-1.657027482986450195e+00
-6.680147051811218262e-01
-1.756868004798889160e+00
-5.133023262023925781e-01
8.927171826362609863e-01
1.383978873491287231e-01
-1.719627857208251953e+00
2.707450985908508301e-01
-5.966114997863769531e-01
-4.504922032356262207e-02
9.706829786300659180e-01
-5.384183526039123535e-01
-1.268054544925689697e-01
-3.716663122177124023e-01
1.007135510444641113e-01
-7.114595174789428711e-02
1.020236462354660034e-01
-3.204446136951446533e-01
-4.251285493373870850e-01
-6.554317474365234375e-01
-1.898726820945739746e-02
3.638872504234313965e-01
-3.334100544452667236e-01
1.030143499374389648e+00
5.698201656341552734e-01
3.172887116670608521e-02
-2.801100164651870728e-02
-3.897575139999389648e-01
-4.437206313014030457e-02
2.975125610828399658e-01
-1.506686806678771973e-01
-7.399751245975494385e-02
-2.200912684202194214e-01
-1.306732296943664551e-01
2.311829328536987305e-01
4.628215730190277100e-01
-3.785269260406494141e-01
2.567176520824432373e-01
-1.710796952247619629e-01
1.642133295536041260e-02
-2.976079583168029785e-01
2.504139542579650879e-01
2.000375390052795410e-01
-3.301418721675872803e-01
6.583148241043090820e-02
-5.982876420021057129e-01
-7.223391532897949219e-01
1.418172270059585571e-01
5.257729887962341309e-01
1.624451577663421631e-01
-5.382019281387329102e-02
-7.774077355861663818e-03
4.528594613075256348e-01
-3.264274299144744873e-01
1.875297725200653076e-01
-4.461035728454589844e-01
1.775576770305633545e-01
1.680166125297546387e-01
-1.243613511323928833e-01
4.112690687179565430e-02
-1.870881915092468262e-01
3.074986636638641357e-01
4.921632409095764160e-01
-2.122448235750198364e-01
4.774989485740661621e-01
-1.399481892585754395e-01
2.838184237480163574e-01
-4.639896154403686523e-01
-1.165926456451416016e-01
7.400497794151306152e-02
1.533931493759155273e-02
2.043787240982055664e-01
-2.181050181388854980e-02
-6.259131431579589844e-01
7.060338258743286133e-01
-3.711335659027099609e-01
2.584633231163024902e-01
-2.706615924835205078e-01
7.925244569778442383e-01
4.092900454998016357e-02
2.463196814060211182e-01
9.174463748931884766e-01
1.643043756484985352e-02
-3.026739656925201416e-01
-8.285263180732727051e-02
-8.552595973014831543e-02
2.689224481582641602e-01
4.068738818168640137e-01
-5.152183175086975098e-01
1.319728374481201172e+00
2.092738151550292969e-01
-3.683533966541290283e-01
-5.467622280120849609e-01
7.408478856086730957e-01
1.401311904191970825e-02
9.307360649108886719e-02
-7.406640052795410156e-01
-2.259578704833984375e-01
-1.187077164649963379e-01
7.118386030197143555e-02
-1.149628460407257080e-01
-1.042626351118087769e-01
3.191687166690826416e-02
-2.472051382064819336e-01
1.437619447708129883e+00
-1.162739038467407227e+00
-1.145517826080322266e-02
1.290619373321533203e-02
-2.484367638826370239e-01
5.308045446872711182e-02
1.604293107986450195e+00
-1.182132363319396973e-01
1.403482258319854736e-01
-1.883379220962524414e-01
-2.643499970436096191e-01
-1.204159736633300781e+00
6.342890858650207520e-01
3.698005378246307373e-01
-4.559367895126342773e-01
3.600862622261047363e-01
6.051379442214965820e-01
1.577048301696777344e-01
5.576242208480834961e-01
1.528307199478149414e+00
-6.503021717071533203e-02
4.109832644462585449e-02
-2.476871311664581299e-01
1.604184985160827637e+00
1.095986008644104004e+00
6.464920043945312500e-01
1.790776848793029785e-01
7.079672217369079590e-01
1.020802736282348633e+00
5.641835927963256836e-02
1.775813817977905273e+00
1.729594618082046509e-01
2.040431261062622070e+00
2.240738570690155029e-01
7.166671752929687500e-01
6.738792657852172852e-01
1.075916439294815063e-01
-1.249291181564331055e+00
5.134916901588439941e-01
1.704281687736511230e+00
1.060662984848022461e+00
7.888420224189758301e-01
6.537839174270629883e-01
1.673368215560913086e+00
2.413098216056823730e-01
1.580644130706787109e+00
3.163750767707824707e-01
7.740985155105590820e-01
5.559785366058349609e-01
1.168264448642730713e-02
1.764790773391723633e+00
9.913139343261718750e-01
5.438232421875000000e-01
4.274121820926666260e-01
-9.821510314941406250e-02
-1.524335443973541260e-01
2.783571183681488037e-01
2.335676550865173340e-01
-1.044767200946807861e-01
-6.015060842037200928e-02
-3.902630507946014404e-02
9.068238735198974609e-01
-6.865236759185791016e-01
1.021828949451446533e-01
8.951790928840637207e-01
4.900780320167541504e-01
2.806442677974700928e-01
2.140276432037353516e-01
9.185760021209716797e-01
2.095806598663330078e+00
-2.170286178588867188e-01
1.473647654056549072e-01
-4.366091489791870117e-01
-3.148602545261383057e-01
3.910827636718750000e-01
8.080590367317199707e-01
1.541894912719726562e+00
8.853741884231567383e-01
6.968247294425964355e-01
1.652740240097045898e-01
1.049577832221984863e+00
7.403746843338012695e-01
7.262531518936157227e-01
5.247385501861572266e-01
1.097167134284973145e-01
2.231264114379882812e-01
3.323809504508972168e-01
4.025177061557769775e-01
1.566579103469848633e+00
3.673406243324279785e-01
-1.664870828390121460e-01
2.214279651641845703e+00
-5.229902863502502441e-01
2.366777807474136353e-01
1.896277904510498047e+00
7.212188839912414551e-02
-1.302358359098434448e-01
1.228209495544433594e+00
3.562208414077758789e-01
1.679534912109375000e+00
8.322236537933349609e-01
-1.957912743091583252e-02
8.364339470863342285e-01
-3.202694654464721680e-02
1.757590770721435547e+00
1.064264774322509766e+00
-1.544140875339508057e-01
2.741930186748504639e-01
1.231376409530639648e+00
5.803568363189697266e-01
8.343533277511596680e-01
1.901559352874755859e+00
1.938950419425964355e+00
-1.819059103727340698e-01
-4.212946891784667969e-01
7.361952960491180420e-02
3.981414437294006348e-02
6.821262836456298828e-01
-3.724765181541442871e-01
4.583393335342407227e-01
-5.402307510375976562e-01
2.866526246070861816e-01
1.530164599418640137e+00
1.360839605331420898e-02
1.996254026889801025e-01
1.741032481193542480e+00
3.953649401664733887e-01
5.634011030197143555e-01
7.347214221954345703e-02
3.432243168354034424e-01
1.236811876296997070e-01
3.425012528896331787e-02
3.423134088516235352e-01
5.530622005462646484e-01
6.401142477989196777e-01
1.875171810388565063e-01
4.703138172626495361e-01
1.023356795310974121e+00
3.736956417560577393e-01
1.293910145759582520e+00
-4.626318812370300293e-01
-8.249357342720031738e-02
6.181961297988891602e-01
1.066178798675537109e+00
1.670375823974609375e+00
-7.610787153244018555e-01
9.823215007781982422e-02
-3.175752162933349609e-01
8.673834800720214844e-01
5.280109047889709473e-01
9.153306484222412109e-01
6.243680715560913086e-01
7.694630622863769531e-01
-6.864491701126098633e-01
5.093804597854614258e-01
-8.097897768020629883e-01
1.922879815101623535e+00
-5.135344266891479492e-01
3.534535169601440430e-01
-1.313555240631103516e+00
4.261284470558166504e-01
-2.479715943336486816e-01
-4.507692158222198486e-01
1.028707325458526611e-01
-3.709548711776733398e-02
-3.442078828811645508e-02
1.674289464950561523e+00
3.637158870697021484e-01
1.590561568737030029e-01
-6.809366345405578613e-01
3.956291079521179199e-02
-4.734514951705932617e-01
5.740401148796081543e-01
7.562878727912902832e-02
2.253870069980621338e-01
-1.289983242750167847e-01
-3.105694353580474854e-01
2.069678604602813721e-01
-1.501491516828536987e-01
-6.902714967727661133e-01
-3.824842572212219238e-01
-6.337733864784240723e-01
-2.056867182254791260e-01
2.326900005340576172e+00
2.603144049644470215e-01
-1.152761131525039673e-01
9.126713871955871582e-02
-2.624011933803558350e-01
7.041618227958679199e-03
-9.416881203651428223e-02
-3.065595030784606934e-02
-4.616707563400268555e-03
4.147715866565704346e-01
-3.923247456550598145e-01
4.601193964481353760e-02
-3.708191812038421631e-01
-4.781219363212585449e-02
8.958607912063598633e-02
-2.069688141345977783e-01
-2.576439678668975830e-01
-9.558408707380294800e-02
-3.999211192131042480e-01
-2.597976624965667725e-01
-1.239770501852035522e-01
8.448527753353118896e-02
-1.009903252124786377e-01
2.537732422351837158e-01
-8.642074465751647949e-02
-6.875203251838684082e-01
2.108349323272705078e+00
5.093197822570800781e-01
3.985047340393066406e-03
2.688771486282348633e-01
2.312417030334472656e-01
1.653541326522827148e-01
-1.750635385513305664e+00
4.179315268993377686e-02
-2.132785171270370483e-01
2.169370204210281372e-01
5.636812448501586914e-01
5.069133639335632324e-01
-3.454885482788085938e-01
4.054697751998901367e-01
-3.426132351160049438e-02
-4.480596184730529785e-01
2.184844017028808594e-02
-2.591112256050109863e-01
1.221799552440643311e-01
