-9.086812138557434082e-01
2.455626964569091797e+00
-1.121520042419433594e+00
-2.293004393577575684e-01
2.536726593971252441e-01
2.127555459737777710e-01
1.972599029541015625e+00
2.488258838653564453e+00
8.987067639827728271e-02
-3.931083083152770996e-01
-8.201229572296142578e-02
2.570129394531250000e+00
1.309624552726745605e+00
2.079084157943725586e+00
2.594721078872680664e+00
7.038512825965881348e-01
-1.219725012779235840e+00
8.511407375335693359e-01
-1.735404610633850098e+00
4.992980360984802246e-01
1.571534752845764160e+00
1.072316646575927734e+00
-7.040349245071411133e-01
-2.293075919151306152e-01
8.921746611595153809e-01
-9.004394412040710449e-01
2.455090135335922241e-01
-8.104701638221740723e-01
-1.884244084358215332e-01
4.665740966796875000e+00
6.384186744689941406e-01
-4.748843312263488770e-01
2.897616386413574219e+00
-1.317958712577819824e+00
-1.915509939193725586e+00
9.821815490722656250e-01
9.739640951156616211e-01
-3.684091567993164062e-01
1.653413414955139160e+00
-1.186973094940185547e+00
2.627481937408447266e+00
2.422825098037719727e+00
-1.720063090324401855e-01
-2.300207853317260742e+00
-1.358893871307373047e+00
-1.817299246788024902e+00
-1.735465407371520996e+00
1.637001276016235352e+00
3.135094165802001953e+00
4.901215434074401855e-02
2.537435531616210938e+00
-1.465350747108459473e+00
-4.223910808563232422e+00
-1.555372714996337891e+00
1.203119993209838867e+00
-1.638958156108856201e-01
1.997126817703247070e+00
-1.522553563117980957e+00
-8.428096771240234375e-05
-1.800965070724487305e+00
-1.064860820770263672e-01
2.701186895370483398e+00
1.145883798599243164e+00
2.177305459976196289e+00
-1.408055186271667480e+00
-8.595554232597351074e-01
-2.621005773544311523e-01
5.811683535575866699e-01
-1.514372825622558594e+00
2.889562368392944336e+00
2.234575510025024414e+00
-6.549091935157775879e-01
-7.373456656932830811e-02
-8.923450112342834473e-01
9.085434675216674805e-01
1.358741641044616699e+00
8.675643205642700195e-01
1.039417862892150879e+00
2.070828914642333984e+00
1.546998262405395508e+00
-1.088757038116455078e+00
9.740540385246276855e-01
2.152746915817260742e+00
-2.702223360538482666e-01
1.956242561340332031e+00
1.989055395126342773e+00
-6.876786351203918457e-01
-1.113382101058959961e+00
6.056164503097534180e-01
2.406469821929931641e+00
2.782011032104492188e-01
2.349198818206787109e+00
2.463779449462890625e+00
6.302352547645568848e-01
2.782085537910461426e-01
-8.267755508422851562e-01
-1.678090214729309082e+00
-2.062813282012939453e+00
4.009818434715270996e-01
-8.513723015785217285e-01
1.800792574882507324e+00
-8.841418027877807617e-01
3.044977664947509766e+00
-1.317902326583862305e+00
1.471831202507019043e-01
-2.458521723747253418e-02
1.023122429847717285e+00
2.111801862716674805e+00
-2.029935359954833984e+00
-2.275601148605346680e+00
-3.511428356170654297e+00
-1.915353536605834961e+00
-2.823925971984863281e+00
-1.055892467498779297e+00
-2.971266746520996094e+00
-3.085850238800048828e+00
-2.504706144332885742e+00
-2.807454109191894531e+00
-2.660250663757324219e+00
-1.997231721878051758e+00
-3.020437717437744141e+00
-3.118738651275634766e+00
-2.111789941787719727e+00
-2.783092021942138672e+00
-2.733883857727050781e+00
-2.259164571762084961e+00
-2.807570934295654297e+00
-3.028559923171997070e+00
-2.021804809570312500e+00
-2.095492124557495117e+00
-2.349206209182739258e+00
-1.948207020759582520e+00
-2.267312765121459961e+00
-2.455666303634643555e+00
-2.930299043655395508e+00
-2.832093238830566406e+00
-1.833594083786010742e+00
-2.545590400695800781e+00
-2.873096942901611328e+00
-2.717634201049804688e+00
-2.324671745300292969e+00
-2.447445392608642578e+00
-2.799329757690429688e+00
-2.414634227752685547e+00
-1.883631944656372070e-01
-2.733930587768554688e+00
-2.627523899078369141e+00
-2.873014926910400391e+00
2.095417976379394531e+00
-2.275554180145263672e+00
-2.324687719345092773e+00
-2.324606895446777344e+00
-2.185471057891845703e+00
-2.627486228942871094e+00
-2.136420011520385742e+00
-2.668609142303466797e+00
-2.308186531066894531e+00
-2.455610275268554688e+00
-2.496481418609619141e+00
-2.332844257354736328e+00
-2.038151502609252930e+00
-2.201899290084838867e+00
-2.668430328369140625e+00
-2.079083681106567383e+00
-3.486941814422607422e+00
-7.940120697021484375e-01
-2.791315078735351562e+00
-2.414671897888183594e+00
-2.291896104812622070e+00
-2.602945089340209961e+00
-2.365562677383422852e+00
-2.070859909057617188e+00
-2.038194656372070312e+00
-2.848671197891235352e+00
-2.193685293197631836e+00
-2.725716829299926758e+00
-2.881186485290527344e+00
-3.445957183837890625e+00
-2.185531139373779297e+00
-2.079091072082519531e+00
-1.841687202453613281e+00
-2.439296960830688477e+00
-2.930367469787597656e+00
-2.692963123321533203e+00
-2.709317207336425781e+00
-2.807581424713134766e+00
1.735354781150817871e+00
-2.062763929367065430e+00
-1.317856550216674805e+00
-2.177266120910644531e+00
-2.414692401885986328e+00
5.885400772094726562e+00
-2.889413595199584961e+00
-2.611132383346557617e+00
4.591982841491699219e+00
1.800756454467773438e+00
2.226464033126831055e+00
4.330018997192382812e+00
1.776332616806030273e+00
4.149940490722656250e+00
4.878598213195800781e+00
1.227895855903625488e+00
1.432530403137207031e+00
3.151421785354614258e+00
3.536116123199462891e+00
1.669882297515869141e+00
1.661655664443969727e+00
3.282331943511962891e+00
1.064107656478881836e+00
9.331980943679809570e-01
8.186132311820983887e-01
4.952233314514160156e+00
1.710797905921936035e+00
2.856701850891113281e+00
1.637117743492126465e+00
1.620744109153747559e+00
1.236013889312744141e+00
1.309784531593322754e+00
8.185787200927734375e-01
1.612613916397094727e+00
3.004139900207519531e+00
9.086942076683044434e-01
1.399763822555541992e+00
4.109134674072265625e+00
4.280923843383789062e+00
1.031442165374755859e+00
1.170635581016540527e+00
4.837594032287597656e+00
1.686229228973388672e+00
1.718926072120666504e+00
2.586528301239013672e+00
1.375248908996582031e+00
1.456999540328979492e+00
1.252480864524841309e+00
4.968664646148681641e+00
1.457008719444274902e+00
4.043687343597412109e+00
1.244136929512023926e+00
4.027270317077636719e+00
1.669906139373779297e+00
1.980965256690979004e+00
3.274118185043334961e+00
4.117242336273193359e+00
2.701136112213134766e+00
3.331453800201416016e+00
4.886652469635009766e+00
1.751745939254760742e+00
2.070883035659790039e+00
4.207332611083984375e+00
4.207259654998779297e+00
1.211525440216064453e+00
1.440658092498779297e+00
4.723019123077392578e+00
1.088758587837219238e+00
1.137877225875854492e+00
7.204571366310119629e-01
1.366944551467895508e+00
2.815786838531494141e+00
4.927502155303955078e+00
3.544333457946777344e+00
3.593443393707275391e+00
4.174535751342773438e+00
1.653571486473083496e+00
1.498008251190185547e+00
1.063994884490966797e+00
1.833592891693115234e+00
1.530699610710144043e+00
4.133652687072753906e+00
2.979543924331665039e+00
4.346520900726318359e+00
1.317845702171325684e+00
1.694453239440917969e+00
1.301557302474975586e+00
4.338318824768066406e+00
4.952189922332763672e+00
5.484622120857238770e-01
3.969936847686767578e+00
1.907252311706542969e+00
4.862255573272705078e+00
1.825406670570373535e+00
4.272796630859375000e+00
1.588010668754577637e+00
3.560719966888427734e+00
1.178686738014221191e+00
2.373826026916503906e+00
4.027219295501708984e+00
8.021878600120544434e-01
1.309726238250732422e+00
4.870347499847412109e+00
4.027237892150878906e+00
3.396958351135253906e+00
6.875700354576110840e-01
7.693361639976501465e-01
3.437661528587341309e-01
3.388829946517944336e+00
7.448933124542236328e-01
4.395615577697753906e+00
8.349959850311279297e-01
4.682062625885009766e+00
7.612393498420715332e-01
1.800794601440429688e+00
1.358872890472412109e+00
3.208757638931274414e+00
1.219670772552490234e+00
3.436783254146575928e-01
8.022202849388122559e-01
1.620789289474487305e+00
1.645346879959106445e+00
1.023226499557495117e+00
3.175907850265502930e+00
3.945399284362792969e+00
4.370970726013183594e+00
8.104196786880493164e-01
1.890989661216735840e+00
1.186941623687744141e+00
4.117203235626220703e+00
6.794499158859252930e-01
2.881294727325439453e+00
4.346507549285888672e+00
8.022426962852478027e-01
1.555173277854919434e+00
4.059923648834228516e+00
1.547150373458862305e+00
1.587965846061706543e+00
1.612609505653381348e+00
4.321956634521484375e+00
1.768115282058715820e+00
5.075003623962402344e+00
3.675207138061523438e+00
1.015051126480102539e+00
1.064107298851013184e+00
4.043694972991943359e+00
3.986290693283081055e+00
4.837584018707275391e+00
4.281061172485351562e+00
4.411937236785888672e+00
4.461046218872070312e+00
1.285201787948608398e+00
8.677387237548828125e-01
3.356042385101318359e+00
4.624726295471191406e+00
1.195135474205017090e+00
9.250190258026123047e-01
2.840358972549438477e+00
1.620684266090393066e+00
1.522541761398315430e+00
1.399740695953369141e+00
7.613382935523986816e-01
1.227859020233154297e+00
1.497988939285278320e+00
8.266916275024414062e-01
8.677293658256530762e-01
9.821833372116088867e-01
2.537807226181030273e-01
2.128165483474731445e+00
1.563384175300598145e+00
3.143117904663085938e+00
3.896204948425292969e+00
1.817228794097900391e+00
5.214210987091064453e+00
9.413914680480957031e-01
1.473436117172241211e+00
1.686158418655395508e+00
2.660294055938720703e+00
1.407885432243347168e+00
2.144559383392333984e+00
1.825394868850708008e+00
3.748914480209350586e+00
1.317998647689819336e+00
4.436447620391845703e+00
3.781618356704711914e+00
1.342479944229125977e+00
1.514426469802856445e+00
1.948212146759033203e+00
1.366965770721435547e+00
3.495038509368896484e+00
4.100923061370849609e+00
1.489815950393676758e+00
1.154171109199523926e+00
2.750290870666503906e+00
2.570181846618652344e+00
1.718971252441406250e+00
1.653356194496154785e+00
3.847153186798095703e+00
2.210085868835449219e+00
2.193655967712402344e+00
1.882165670394897461e-01
1.899152755737304688e+00
4.109041213989257812e+00
1.375202655792236328e+00
8.676682710647583008e-01
1.448815703392028809e+00
2.005529165267944336e+00
1.653578996658325195e+00
1.055921673774719238e+00
1.669931292533874512e+00
4.452870368957519531e+00
6.629864573478698730e-01
1.252420306205749512e+00
2.144516706466674805e+00
3.290573358535766602e+00
7.040458321571350098e-01
3.519845485687255859e+00
1.800844907760620117e+00
3.257776737213134766e+00
3.912503242492675781e+00
1.637075424194335938e+00
1.939970731735229492e+00
1.277068138122558594e+00
3.969938993453979492e+00
6.958613991737365723e-01
1.342476487159729004e+00
4.862100124359130859e+00
3.757193565368652344e+00
1.489733099937438965e+00
1.850042819976806641e+00
-5.811881422996520996e-01
-5.155856013298034668e-01
-9.249722957611083984e-01
-1.719134300947189331e-01
1.350595116615295410e+00
4.043663978576660156e+00
-1.661638498306274414e+00
3.527878761291503906e+00
1.891015529632568359e+00
1.268796801567077637e+00
-5.724731087684631348e-02
1.661742925643920898e+00
-6.712124347686767578e-01
-8.513292074203491211e-01
3.544323444366455078e+00
1.587986946105957031e+00
-1.350652456283569336e+00
1.276955604553222656e+00
-7.939684987068176270e-01
1.629064679145812988e+00
-1.743427872657775879e+00
3.503341436386108398e+00
3.544259786605834961e+00
-6.057060360908508301e-01
3.552456140518188477e+00
-1.473354578018188477e+00
-6.793143749237060547e-01
-3.764844536781311035e-01
-7.694380879402160645e-01
-4.912253618240356445e-01
1.547040700912475586e+00
3.789800167083740234e+00
-1.506070017814636230e+00
-5.812150835990905762e-01
4.059934616088867188e+00
-6.876236200332641602e-01
-1.121443510055541992e+00
4.010767936706542969e+00
1.031411528587341309e+00
-1.023233294486999512e+00
7.940118312835693359e-01
6.466801166534423828e-01
-4.911486804485321045e-01
-1.489781260490417480e+00
2.234688043594360352e+00
-1.260575532913208008e+00
1.890910387039184570e+00
1.481609344482421875e+00
-4.257520437240600586e-01
-9.086934328079223633e-01
-2.127764523029327393e-01
-6.629669666290283203e-01
1.718790829181671143e-01
1.866328358650207520e+00
1.154178857803344727e+00
1.626795530319213867e-02
1.039589524269104004e+00
-1.064114451408386230e+00
-7.121430039405822754e-01
-1.391529679298400879e+00
-2.374357581138610840e-01
-3.438329398632049561e-01
-4.338531792163848877e-01
6.630710363388061523e-01
-4.910469055175781250e-01
2.897573947906494141e+00
4.010778665542602539e-01
-3.192632496356964111e-01
1.285132288932800293e+00
3.830791711807250977e+00
1.211441874504089355e+00
-2.538657188415527344e-01
-6.957933902740478516e-01
1.489810466766357422e+00
-7.530022859573364258e-01
-6.793549060821533203e-01
-7.039298415184020996e-01
-9.495574235916137695e-01
-4.993212223052978516e-01
-2.684934139251708984e+00
4.731189250946044922e+00
-8.594103455543518066e-01
-8.923385739326477051e-01
-6.875479221343994141e-01
1.416062235832214355e+00
-7.366217374801635742e-01
1.440697073936462402e+00
-1.228806376457214355e-01
1.555314183235168457e+00
1.056009650230407715e+00
-5.484291911125183105e-01
2.013628721237182617e+00
1.375168442726135254e+00
-8.103525638580322266e-01
1.399746775627136230e+00
-4.911789000034332275e-01
-9.085754156112670898e-01
1.620750904083251953e+00
-2.455663919448852539e+00
1.432553887367248535e+00
-1.718725562095642090e-01
-3.110675215721130371e-01
-3.111127614974975586e-01
-2.332950830459594727e+00
-1.530742168426513672e+00
-3.928788304328918457e-01
7.857341766357421875e-01
-3.216946125030517578e+00
-1.047694563865661621e+00
-6.384528875350952148e-01
1.481689691543579102e+00
-3.896315336227416992e+00
-3.110207021236419678e-01
-6.384487748146057129e-01
1.113298654556274414e+00
-1.391791999340057373e-01
1.194993734359741211e+00
-1.596156954765319824e+00
3.847213983535766602e+00
1.432493567466735840e+00
1.899174690246582031e+00
3.904452800750732422e+00
-8.267568349838256836e-01
1.620648145675659180e+00
1.096900939941406250e+00
-7.694685459136962891e-01
-2.889450311660766602e+00
-1.383345723152160645e+00
1.768086910247802734e+00
1.203279018402099609e+00
-2.013711690902709961e+00
-4.583496153354644775e-01
9.086902141571044922e-01
1.718815565109252930e-01
4.100949287414550781e+00
1.563331961631774902e+00
-1.882990300655364990e-01
-9.331781864166259766e-01
-1.555906534194946289e-01
1.596245408058166504e+00
1.178721189498901367e+00
-1.326026916503906250e+00
-9.167442321777343750e-01
1.718870639801025391e+00
-1.088671803474426270e+00
1.203341603279113770e+00
1.317938923835754395e+00
4.043610095977783203e+00
-4.911350011825561523e-01
-1.203234910964965820e+00
-6.138809919357299805e-01
-1.358715772628784180e+00
1.334263801574707031e+00
-1.473347842693328857e-01
-3.602037131786346436e-01
3.118672132492065430e+00
4.060002326965332031e+00
-1.964511156082153320e+00
-9.413002133369445801e-01
-4.910505414009094238e-01
-6.057239770889282227e-01
1.522476315498352051e+00
-7.612218856811523438e-01
-5.730116367340087891e-01
1.432501792907714844e+00
-1.964607477188110352e+00
1.514321088790893555e+00
4.919686913490295410e-02
1.530816912651062012e+00
1.064213395118713379e+00
1.358813405036926270e+00
1.375239372253417969e+00
1.489728808403015137e+00
-1.907241225242614746e+00
-1.669826149940490723e+00
-8.513204455375671387e-01
1.808973550796508789e+00
2.463831663131713867e+00
-6.303263902664184570e-01
-3.602409958839416504e-01
-6.711753606796264648e-01
-4.502187371253967285e-01
-3.192501664161682129e-01
1.522528767585754395e+00
1.980885863304138184e+00
1.563449263572692871e+00
4.305578231811523438e+00
2.030067443847656250e+00
1.277003884315490723e+00
-7.858686447143554688e-01
-4.419690370559692383e-01
-1.047779679298400879e+00
1.399721145629882812e+00
1.628910064697265625e+00
4.091568291187286377e-01
-6.138942241668701172e-01
4.009420871734619141e-01
7.939422726631164551e-01
-4.010777771472930908e-01
1.317924261093139648e+00
-8.266810774803161621e-01
2.120060682296752930e+00
-4.911303818225860596e-01
-7.940137982368469238e-01
-3.519284129142761230e-01
1.006876111030578613e+00
-2.087272644042968750e+00
-1.350674986839294434e+00
4.215437889099121094e+00
-1.145965576171875000e+00
4.436595439910888672e+00
1.178762674331665039e+00
1.997241020202636719e+00
-2.987870454788208008e+00
-4.583299160003662109e-01
3.650721549987792969e+00
-4.256085157394409180e-01
-9.904137849807739258e-01
-1.285135507583618164e+00
1.620688199996948242e+00
-5.074993371963500977e-01
-2.021850824356079102e+00
2.873157024383544922e+00
-5.893329977989196777e-01
4.502008438110351562e+00
1.408035755157470703e+00
-1.391697525978088379e-01
-2.946356832981109619e-01
1.849923253059387207e+00
-5.402480363845825195e-01
-2.373852252960205078e+00
-1.883895397186279297e-01
-3.356354832649230957e-01
-1.186860084533691406e+00
-1.554591655731201172e-01
1.399715423583984375e+00
1.228191405534744263e-01
-1.833631634712219238e+00
2.946598529815673828e+00
1.031354308128356934e+00
4.723039627075195312e+00
2.332849979400634766e+00
-1.137781143188476562e+00
1.252463340759277344e+00
-7.121279239654541016e-01
1.358719110488891602e+00
-4.992891550064086914e-01
-5.156677961349487305e-01
1.563433051109313965e+00
1.047736167907714844e+00
1.506201982498168945e+00
-2.537869215011596680e-01
-3.356884121894836426e-01
4.068132400512695312e+00
-2.291590571403503418e-01
1.301530718803405762e+00
-1.800688207149505615e-01
-5.565551519393920898e-01
4.493843078613281250e+00
-1.784501671791076660e+00
-5.974797606468200684e-01
1.727190971374511719e+00
1.948266267776489258e+00
-1.472927927970886230e-01
-8.839966058731079102e-01
1.743627429008483887e+00
3.602068424224853516e-01
1.334238409996032715e+00
1.866347789764404297e+00
7.939687371253967285e-01
-9.659241437911987305e-01
-1.055934548377990723e+00
4.321928977966308594e+00
1.424265146255493164e+00
1.710709810256958008e+00
-9.904268980026245117e-01
-2.602981328964233398e+00
5.042284011840820312e+00
1.334295988082885742e+00
1.555287599563598633e+00
-1.407895803451538086e+00
-5.402745008468627930e-01
1.252445101737976074e+00
4.747498512268066406e+00
1.800856113433837891e+00
-4.502070546150207520e-01
-6.302809119224548340e-01
-7.448881864547729492e-01
1.334376573562622070e+00
1.137803435325622559e+00
1.514394998550415039e+00
1.604323148727416992e+00
1.424259781837463379e+00
4.297399520874023438e+00
-7.039116024971008301e-01
-6.793149113655090332e-01
1.252407789230346680e+00
-3.045008897781372070e+00
9.577783346176147461e-01
1.547142267227172852e+00
3.495225906372070312e+00
1.661626577377319336e+00
-1.882412582635879517e-01
-2.537404298782348633e-01
4.763958930969238281e+00
9.249651432037353516e-01
-3.527974128723144531e+00
-6.221547126770019531e-01
1.538953900337219238e+00
-2.945828139781951904e-01
-6.630325913429260254e-01
1.121521353721618652e+00
-5.074958801269531250e-01
1.596269369125366211e+00
1.759847640991210938e+00
4.845886707305908203e+00
-1.342435717582702637e+00
4.190912246704101562e+00
4.452781677246093750e+00
6.793397665023803711e-01
-4.911552667617797852e-01
-9.904360771179199219e-01
-2.267489671707153320e+00
2.103809356689453125e+00
4.379162311553955078e+00
-1.391387432813644409e-01
1.252476930618286133e+00
1.154148697853088379e+00
-3.282411098480224609e+00
-4.916979372501373291e-02
9.823406934738159180e-01
-3.601945936679840088e-01
-1.964350938796997070e-01
-6.221408247947692871e-01
4.739384651184082031e+00
-7.694218158721923828e-01
1.604438900947570801e+00
2.799303770065307617e+00
4.248146533966064453e+00
1.228348016738891602e-01
-1.096924543380737305e+00
1.072286605834960938e+00
-4.665820598602294922e-01
-4.993069171905517578e-01
1.956358432769775391e+00
1.849951028823852539e+00
-1.317998647689819336e+00
-6.220954656600952148e-01
-5.893566608428955078e-01
8.181807398796081543e-02
1.342458724975585938e+00
-4.501640200614929199e-01
1.727213382720947266e+00
-1.882926076650619507e-01
1.088764786720275879e+00
4.133636474609375000e+00
-4.337393045425415039e-01
-3.356475234031677246e-01
-4.092369079589843750e-01
-1.023200631141662598e+00
-4.911535382270812988e-01
-3.437604010105133057e-01
3.953489780426025391e+00
1.235990285873413086e+00
1.661654829978942871e+00
-1.555629670619964600e-01
-5.320414900779724121e-01
-1.047742128372192383e+00
9.578241109848022461e-01
9.828943014144897461e-02
-8.215695619583129883e-03
9.250337481498718262e-01
1.514302015304565430e+00
1.178718805313110352e+00
-2.938776254653930664e+00
-1.881931126117706299e-01
1.317848563194274902e+00
1.612539529800415039e+00
-6.221671104431152344e-01
9.741476178169250488e-01
-4.010650515556335449e-01
-3.519391417503356934e-01
-2.291911602020263672e+00
-2.709520578384399414e+00
-6.875971555709838867e-01
-2.945674359798431396e-01
1.056021094322204590e+00
-1.105065584182739258e+00
-8.266905546188354492e-01
5.733177065849304199e-02
1.383334875106811523e+00
-7.120719552040100098e-01
3.053134679794311523e+00
1.375176787376403809e+00
-1.031349658966064453e+00
8.676509857177734375e-01
-7.530614137649536133e-01
-1.088581204414367676e+00
8.180151879787445068e-02
-3.929205536842346191e-01
1.015083670616149902e+00
6.556625664234161377e-02
-8.840115070343017578e-01
7.776288986206054688e-01
7.039917111396789551e-01
2.144634246826171875e+00
-4.993220567703247070e-01
2.586603879928588867e+00
4.091627597808837891e-01
8.840249776840209961e-01
-1.481560230255126953e+00
-9.005191326141357422e-01
1.334277629852294922e+00
1.800938487052917480e+00
1.497923851013183594e+00
-7.939826250076293945e-01
2.873005390167236328e+00
-3.764657974243164062e-01
1.366870522499084473e+00
1.375151634216308594e+00
3.111160993576049805e-01
1.882834434509277344e-01
-1.686248779296875000e+00
-4.419192671775817871e-01
-9.331666231155395508e-01
-7.366862297058105469e-01
1.096953749656677246e+00
-1.432493925094604492e+00
4.379231929779052734e+00
1.244273304939270020e+00
-8.676920533180236816e-01
2.128550559282302856e-01
1.800802350044250488e+00
1.587971448898315430e+00
5.075374245643615723e-01
1.096911668777465820e+00
-1.334232330322265625e+00
-1.350599646568298340e+00
5.724652484059333801e-02
-6.548506021499633789e-01
-8.187751471996307373e-02
-6.139001846313476562e-01
-2.185487747192382812e+00
-7.858284711837768555e-01
1.424280047416687012e+00
-9.331350326538085938e-01
4.915271326899528503e-02
-1.473316669464111328e+00
-1.588024973869323730e+00
-1.309642553329467773e+00
-7.775915861129760742e-01
-1.391582131385803223e+00
-1.047791719436645508e+00
-1.244250535964965820e+00
-2.226404905319213867e+00
5.648155212402343750e-01
2.210179865360260010e-01
1.530737638473510742e+00
4.944001674652099609e+00
-1.145965695381164551e+00
-5.401949882507324219e-01
-2.856875896453857422e+00
4.575667858123779297e+00
8.186379820108413696e-02
2.120127916336059570e+00
1.260504245758056641e+00
-8.430444002151489258e-01
2.226373434066772461e+00
-2.700878381729125977e-01
3.896273612976074219e+00
-9.495097398757934570e-01
-1.628907442092895508e+00
-7.775728702545166016e-01
-6.466243267059326172e-01
-5.238658189773559570e-01
3.347841739654541016e+00
-4.584162235260009766e-01
-4.829010367393493652e-01
5.034015178680419922e+00
1.555195569992065430e+00
-8.348792791366577148e-01
-4.338106811046600342e-01
-4.501255452632904053e-01
-3.650747060775756836e+00
-2.881231307983398438e+00
-1.014940023422241211e+00
-4.256161153316497803e-01
-3.446086168289184570e+00
3.822630882263183594e+00
-2.864678502082824707e-01
-6.466385722160339355e-01
3.748950481414794922e+00
1.260578274726867676e+00
-9.494565129280090332e-01
-6.466403603553771973e-01
7.857387661933898926e-01
1.596210956573486328e+00
3.437032103538513184e-01
-8.348675370216369629e-01
-7.121028304100036621e-01
-2.234659433364868164e+00
-2.750308513641357422e+00
-6.303105354309082031e-01
-6.139420270919799805e-01
1.669901371002197266e+00
-9.331666827201843262e-01
-1.260561585426330566e+00
-1.874500632286071777e+00
-1.866322875022888184e+00
-1.195091009140014648e+00
-6.384276747703552246e-01
4.559236526489257812e+00
-5.975601673126220703e-01
1.285166740417480469e+00
-7.776262760162353516e-01
1.170644760131835938e+00
-1.735357522964477539e+00
-6.793302893638610840e-01
4.526503086090087891e+00
-4.420475363731384277e-01
4.166340827941894531e+00
-2.512999296188354492e+00
6.008112907409667969e+00
-3.274221897125244141e+00
-8.922365307807922363e-01
-2.373814284801483154e-01
4.452785491943359375e+00
-1.424196004867553711e+00
-1.743531346321105957e+00
3.175927639007568359e+00
2.512954235076904297e+00
-3.929257094860076904e-01
2.459916472434997559e-02
-2.127859294414520264e-01
1.457135081291198730e+00
-3.241586923599243164e+00
1.530751466751098633e+00
-8.594614267349243164e-01
-1.817222237586975098e+00
1.293294191360473633e+00
-9.006659686565399170e-02
1.154149293899536133e+00
1.759946346282958984e+00
-1.653379201889038086e+00
4.551138401031494141e+00
-7.776564955711364746e-01
9.576351046562194824e-01
-2.128250598907470703e-01
-6.221203804016113281e-01
1.563365936279296875e+00
2.209337055683135986e-01
1.105045557022094727e+00
-6.792895793914794922e-01
1.170584201812744141e+00
-3.601906001567840576e-01
-8.676298260688781738e-01
3.847128868103027344e+00
1.056031227111816406e+00
-7.939638495445251465e-01
1.710750699043273926e+00
-6.465358138084411621e-01
-2.455635547637939453e+00
-5.075110197067260742e-01
1.113231778144836426e+00
1.931863784790039062e+00
-2.537713944911956787e-01
-9.495278596878051758e-01
3.847196578979492188e+00
-2.365519046783447266e+00
-7.694253921508789062e-01
1.465342283248901367e+00
3.863420248031616211e+00
1.497903943061828613e+00
2.046453237533569336e+00
1.858217954635620117e+00
2.529278755187988281e+00
1.538894176483154297e+00
-7.694358229637145996e-01
3.274765014648437500e-01
-1.170526027679443359e+00
1.645308375358581543e+00
1.636007428169250488e-02
-4.501912593841552734e-01
4.428385257720947266e+00
-4.419574439525604248e-01
3.396974325180053711e+00
-1.227938830852508545e-01
1.236052751541137695e+00
1.424411296844482422e+00
-8.266695737838745117e-01
-9.004245996475219727e-01
9.330904483795166016e-01
5.115900993347167969e+00
1.342455983161926270e+00
1.866245985031127930e+00
1.571569561958312988e+00
1.137821912765502930e+00
-7.776215672492980957e-01
1.039640665054321289e+00
4.018974304199218750e+00
-1.391436308622360229e-01
-1.145987153053283691e+00
-1.939974188804626465e+00
-1.047749996185302734e+00
1.735366463661193848e+00
-2.373559474945068359e-01
-1.555394828319549561e-01
4.313767433166503906e+00
1.105068922042846680e+00
-5.565427541732788086e-01
-2.717723846435546875e+00
5.894145965576171875e-01
-2.700838446617126465e-01
4.837636947631835938e+00
1.178678274154663086e+00
-1.055974245071411133e+00
-9.495497345924377441e-01
-7.775657176971435547e-01
1.768170356750488281e+00
-2.414602756500244141e+00
-1.391217112541198730e-01
-1.350609302520751953e+00
-1.055922031402587891e+00
1.817235350608825684e+00
-5.729467868804931641e-01
-3.044903278350830078e+00
-3.765091001987457275e-01
1.678187131881713867e+00
1.440650701522827148e+00
-5.075055360794067383e-01
-1.129586935043334961e+00
-6.711668372154235840e-01
1.195055484771728516e+00
1.768061518669128418e+00
4.845732212066650391e+00
-5.728617310523986816e-02
1.407918810844421387e+00
1.849969387054443359e+00
1.717554032802581787e-01
1.678087711334228516e+00
-4.828933477401733398e-01
8.595302104949951172e-01
-4.584093391895294189e-01
4.321909904479980469e+00
-8.840221166610717773e-01
1.498070240020751953e+00
-8.594136238098144531e-01
-4.255659282207489014e-01
7.039244174957275391e-01
-1.620814919471740723e+00
-8.103669881820678711e-01
-2.414682388305664062e+00
-2.709330558776855469e+00
-2.750350713729858398e+00
-2.422905683517456055e+00
-2.602937698364257812e+00
-2.250933647155761719e+00
-1.989112854003906250e+00
-3.388671398162841797e+00
-3.306849956512451172e+00
-2.578475475311279297e+00
-2.570139408111572266e+00
-1.907278418540954590e+00
-3.298737525939941406e+00
-2.111856222152709961e+00
-2.553807735443115234e+00
-2.881256818771362305e+00
-2.062707185745239258e+00
-2.627505540847778320e+00
-2.701114416122436523e+00
-2.652033805847167969e+00
-2.971321105957031250e+00
-3.053114891052246094e+00
-2.897550582885742188e+00
-2.660250186920166016e+00
-2.717517852783203125e+00
-3.102219581604003906e+00
-2.537535190582275391e+00
-1.931738495826721191e+00
-3.216837406158447266e+00
-2.291919231414794922e+00
-3.437861442565917969e+00
-2.480171203613281250e+00
-2.521124839782714844e+00
-2.054518222808837891e+00
-2.668387651443481445e+00
-3.282318115234375000e+00
-2.545649766921997070e+00
-3.020449161529541016e+00
-2.578452348709106445e+00
-2.979478836059570312e+00
-2.070993900299072266e+00
-2.750248908996582031e+00
-1.637110710144042969e+00
-2.873029232025146484e+00
-2.431108236312866211e+00
-3.241412639617919922e+00
-3.167649745941162109e+00
-2.283709049224853516e+00
-2.275588035583496094e+00
-1.980844736099243164e+00
-2.267353057861328125e+00
-1.407891988754272461e+00
-2.635695695877075195e+00
-2.471982717514038086e+00
-2.725803136825561523e+00
-2.111770629882812500e+00
-3.151318311691284180e+00
-1.808948516845703125e+00
-2.594848394393920898e+00
-1.809010744094848633e+00
-2.177311658859252930e+00
-2.668429851531982422e+00
-2.234638452529907227e+00
-2.070908069610595703e+00
-1.768043041229248047e+00
-3.274069786071777344e+00
-2.431079387664794922e+00
-2.332864046096801758e+00
-2.537480831146240234e+00
2.889436244964599609e+00
-2.283784389495849609e+00
-2.062710523605346680e+00
-2.308286190032958984e+00
-3.184092760086059570e+00
-3.135010957717895508e+00
-1.195164084434509277e+00
-2.111854553222656250e+00
-2.267503738403320312e+00
-2.643923521041870117e+00
-2.635693073272705078e+00
-2.954880952835083008e+00
1.997191071510314941e+00
-2.250978469848632812e+00
-2.504723072052001953e+00
-1.717894673347473145e-01
-2.799326896667480469e+00
-2.463713407516479492e+00
-2.594797611236572266e+00
-2.365505695343017578e+00
-2.463715314865112305e+00
-1.956266164779663086e+00
-3.110281944274902344e+00
-3.429854154586791992e+00
9.331204891204833984e-01
-2.390137672424316406e+00
-1.858091831207275391e+00
-2.979448080062866211e+00
-2.029916286468505859e+00
-2.996035099029541016e+00
-2.283695220947265625e+00
-2.472015142440795898e+00
-2.742053985595703125e+00
-3.126760482788085938e+00
1.727193355560302734e+00
4.412025928497314453e+00
-2.594849109649658203e+00
-2.455566883087158203e+00
-2.463845491409301758e+00
-2.643837690353393555e+00
-2.283782005310058594e+00
-2.889471292495727539e+00
-2.603143215179443359e+00
-2.717546463012695312e+00
-2.783069133758544922e+00
-3.306793451309204102e+00
-1.375276327133178711e+00
-1.407871007919311523e+00
-9.250603914260864258e-01
-2.193655967712402344e+00
-2.267438173294067383e+00
-2.504775047302246094e+00
-1.964582681655883789e+00
2.136299133300781250e+00
-1.907227158546447754e+00
4.043585777282714844e+00
-1.939958214759826660e+00
-2.488431453704833984e+00
-2.504777908325195312e+00
2.406471729278564453e+00
1.727045297622680664e+00
-2.341092824935913086e+00
-2.848713636398315430e+00
5.304209709167480469e+00
-3.077741384506225586e+00
-3.233335494995117188e+00
5.401530265808105469e-01
-1.497999429702758789e+00
-2.930467367172241211e+00
-1.268731117248535156e+00
-1.972754240036010742e+00
-3.691687583923339844e+00
-1.432489395141601562e+00
-4.922305047512054443e-02
-3.912800312042236328e+00
-7.121629118919372559e-01
-6.794464588165283203e-01
-1.211501598358154297e+00
-1.383418917655944824e+00
-8.430864214897155762e-01
-2.783035755157470703e+00
-1.121376276016235352e+00
-2.660158634185791016e+00
-1.661688566207885742e+00
-1.293377280235290527e+00
-1.661633849143981934e+00
-1.285168647766113281e+00
-3.863545894622802734e+00
3.200651168823242188e+00
-1.473434567451477051e+00
-1.538908600807189941e+00
-1.547120809555053711e+00
-2.414888858795166016e+00
-2.316410064697265625e+00
-1.096881031990051270e+00
-2.070894002914428711e+00
-1.252375841140747070e+00
-1.235987901687622070e+00
-2.349350452423095703e+00
-1.669918060302734375e+00
-2.488380432128906250e+00
-2.398474931716918945e+00
-7.203176617622375488e-01
-1.620732069015502930e+00
-3.110464334487915039e+00
-2.611152172088623047e+00
-3.159588336944580078e+00
-2.005435943603515625e+00
-2.611114025115966797e+00
-2.627547979354858398e+00
-2.300181627273559570e+00
-3.167935848236083984e+00
-1.506108283996582031e+00
-2.357392787933349609e+00
-3.135125160217285156e+00
-2.201879978179931641e+00
-1.628878116607666016e+00
-3.290732622146606445e+00
-1.186873078346252441e+00
-1.244206905364990234e+00
-3.118756771087646484e+00
-1.481597900390625000e+00
-2.955107927322387695e+00
-1.588091731071472168e+00
-2.938663959503173828e+00
-1.923636436462402344e+00
-7.775818109512329102e-01
-2.668605566024780273e+00
-3.536253929138183594e+00
-2.177421331405639648e+00
-1.129610061645507812e+00
-3.036932945251464844e+00
-3.192963600158691406e-01
-1.080525398254394531e+00
-2.013760328292846680e+00
-2.234823465347290039e+00
-1.588008046150207520e+00
-2.914056777954101562e+00
-1.006765246391296387e+00
-1.759865760803222656e+00
-3.454340934753417969e+00
-8.431306481361389160e-01
-9.003173708915710449e-01
-2.643856048583984375e+00
-3.560728788375854492e+00
-9.906048774719238281e-01
-2.439204931259155273e+00
-2.701261043548583984e+00
-2.578607320785522461e+00
-1.489756703376770020e+00
-1.612649917602539062e+00
-1.465154170989990234e+00
-6.630479097366333008e-01
-2.365601062774658203e+00
-3.282398939132690430e+00
-2.021869897842407227e+00
-1.956360697746276855e+00
-1.604403495788574219e+00
-2.635736942291259766e+00
-1.334306001663208008e+00
-2.504833698272705078e+00
-2.742205142974853516e+00
-2.889604091644287109e+00
-5.729889869689941406e-01
-1.735392808914184570e+00
-3.004133701324462891e+00
-1.154218912124633789e+00
-3.077851772308349609e+00
-2.578354358673095703e+00
-1.375189781188964844e+00
-1.538836002349853516e+00
-3.069585084915161133e+00
-1.825375437736511230e+00
-1.751802086830139160e+00
-1.980891108512878418e+00
-1.481661558151245117e+00
-3.274167060852050781e+00
-2.234648227691650391e+00
-2.938521862030029297e+00
5.983494281768798828e+00
-3.224978923797607422e+00
-2.774795293807983398e+00
1.547125697135925293e+00
-2.267493963241577148e+00
-3.053146839141845703e+00
-2.897594451904296875e+00
-3.282230377197265625e+00
-2.701151847839355469e+00
-2.594791412353515625e+00
5.451554298400878906e+00
-2.382050037384033203e+00
-2.864889144897460938e+00
-2.406493425369262695e+00
-2.545644283294677734e+00
-2.553776264190673828e+00
-2.152812004089355469e+00
-2.079184770584106445e+00
-2.725728988647460938e+00
-2.979441165924072266e+00
-2.946686744689941406e+00
-3.110669851303100586e-01
-2.897582530975341797e+00
-2.529278278350830078e+00
-2.431077241897583008e+00
3.438099324703216553e-01
-3.282274484634399414e+00
6.008024692535400391e+00
-2.160951137542724609e+00
-3.208642005920410156e+00
-2.357423067092895508e+00
-2.447360754013061523e+00
-2.406577587127685547e+00
-2.553800821304321289e+00
-2.684788465499877930e+00
-2.381956100463867188e+00
-2.562112331390380859e+00
-1.399725198745727539e+00
-2.701138019561767578e+00
-3.274043798446655273e+00
-2.701176166534423828e+00
-3.110343456268310547e+00
-2.496585369110107422e+00
-3.233182430267333984e+00
-2.226428031921386719e+00
-2.897558212280273438e+00
-2.930392742156982422e+00
-1.890885114669799805e+00
-2.791186809539794922e+00
-1.972733497619628906e+00
-2.308350324630737305e+00
-2.349278450012207031e+00
-2.725627183914184570e+00
7.529903054237365723e-01
-3.257858753204345703e+00
-2.275560379028320312e+00
-2.578360557556152344e+00
-1.866248607635498047e+00
-2.725775241851806641e+00
4.043618679046630859e+00
-2.250975131988525391e+00
-3.331395864486694336e+00
-2.504791498184204102e+00
-2.005424261093139648e+00
-3.315122365951538086e+00
-3.102214813232421875e+00
-2.291956901550292969e+00
-2.864895343780517578e+00
-2.578384399414062500e+00
-2.291873693466186523e+00
-2.455642938613891602e+00
-2.365549325942993164e+00
