-9.741649031639099121e-03
-1.099915862083435059e+00
-1.017483472824096680e+00
-4.841248095035552979e-01
-9.534833431243896484e-01
-8.780260086059570312e-01
-1.594780683517456055e+00
-3.252783775329589844e+00
-7.603216171264648438e-01
-8.017444610595703125e-01
-1.232225060462951660e+00
-1.392242431640625000e+00
-1.106535196304321289e+00
-2.166585326194763184e-01
-1.562835216522216797e+00
-8.904814720153808594e-01
-1.620976924896240234e+00
-1.283992767333984375e+00
3.820103406906127930e-01
-7.611520290374755859e-01
-1.144609332084655762e+00
-1.612521171569824219e+00
-7.210384607315063477e-01
-4.643711149692535400e-01
-1.735586047172546387e+00
-4.264547228813171387e-01
-6.564654707908630371e-01
-6.341754198074340820e-01
-1.420584201812744141e+00
-1.835894823074340820e+00
-5.383015275001525879e-01
-1.017282724380493164e+00
-1.208864331245422363e+00
1.788866519927978516e-02
6.487370729446411133e-01
-1.922956705093383789e+00
-2.016256332397460938e+00
-1.741596817970275879e+00
-1.521961927413940430e+00
-5.978822708129882812e-02
-7.236613035202026367e-01
-1.934651017189025879e+00
-4.609778821468353271e-01
-1.391873508691787720e-01
-7.996065616607666016e-01
3.388627767562866211e-01
-3.087563216686248779e-01
-1.306273937225341797e+00
-1.530140042304992676e+00
-1.588098406791687012e+00
-1.374229669570922852e+00
-9.780728220939636230e-01
1.287848949432373047e+00
1.352936029434204102e-02
-1.367962598800659180e+00
-9.438884258270263672e-01
-1.975961565971374512e+00
-5.560045242309570312e-01
-2.555402219295501709e-01
-3.492566347122192383e-01
-6.435697674751281738e-01
-1.613914728164672852e+00
-1.285374164581298828e+00
-6.666404008865356445e-01
-5.363953113555908203e-02
-6.427658200263977051e-01
-1.571836948394775391e+00
-9.169823527336120605e-01
-7.007042169570922852e-01
-1.227809429168701172e+00
-1.426841259002685547e+00
-1.029527187347412109e+00
-3.959692716598510742e-01
-2.552629709243774414e-01
-1.288758635520935059e+00
-3.106040358543395996e-01
-1.228736519813537598e+00
-7.675020694732666016e-01
-8.981336355209350586e-01
-1.128142476081848145e+00
-6.168210506439208984e-01
-1.737360835075378418e+00
-1.198017597198486328e+00
-4.170984923839569092e-01
-5.186068415641784668e-01
-3.158891201019287109e-02
-2.446717023849487305e-01
-7.057857513427734375e-01
-5.938192605972290039e-01
-9.500044584274291992e-01
-4.495778977870941162e-01
-9.032453298568725586e-01
-5.885741710662841797e-01
-4.497516155242919922e-01
-1.547608375549316406e+00
-8.682601451873779297e-01
-2.636760473251342773e-02
-2.516101002693176270e-01
-8.779498338699340820e-01
-2.016491442918777466e-01
-6.895060539245605469e-01
-2.678388059139251709e-01
-1.026810884475708008e+00
5.672831535339355469e-01
-5.158791542053222656e-01
-1.467893838882446289e+00
-1.079485893249511719e+00
-1.621247768402099609e+00
8.189291357994079590e-01
1.929601877927780151e-01
1.873484611511230469e+00
1.271845221519470215e+00
1.766487836837768555e+00
4.104887247085571289e-01
1.795702338218688965e+00
1.772997856140136719e+00
1.140337347984313965e+00
1.980909824371337891e+00
1.221594572067260742e+00
1.152183532714843750e+00
8.959338068962097168e-01
1.016172647476196289e+00
4.349911212921142578e-01
2.265597820281982422e+00
1.902006387710571289e+00
1.400485992431640625e+00
2.102483749389648438e+00
8.402407765388488770e-01
1.017468690872192383e+00
1.081661581993103027e+00
1.311755180358886719e+00
9.526197910308837891e-01
1.143980145454406738e+00
1.332394361495971680e+00
2.109339475631713867e+00
2.092617511749267578e+00
2.040836572647094727e+00
2.481404304504394531e+00
1.133390903472900391e+00
1.269885897636413574e+00
1.363963842391967773e+00
4.235474765300750732e-01
1.503300070762634277e+00
1.158244729042053223e+00
-9.100071191787719727e-01
1.252223014831542969e+00
1.277518272399902344e+00
1.508231997489929199e+00
-2.254110336303710938e+00
1.181485295295715332e+00
1.458745121955871582e+00
6.093178987503051758e-01
1.891109704971313477e+00
2.018346071243286133e+00
1.227326631546020508e+00
3.060698509216308594e-02
1.537920951843261719e+00
1.812978029251098633e+00
1.489289999008178711e+00
1.304485082626342773e+00
1.420970678329467773e+00
9.431444406509399414e-01
1.498452663421630859e+00
1.592323541641235352e+00
2.418756484985351562e+00
1.077775955200195312e+00
1.545775890350341797e+00
1.024961352348327637e+00
9.640574455261230469e-01
1.692919850349426270e+00
1.325408458709716797e+00
-8.688363432884216309e-02
2.012135028839111328e+00
1.186458826065063477e+00
1.447156190872192383e+00
9.383827447891235352e-01
1.444031953811645508e+00
1.987714290618896484e+00
1.628652453422546387e+00
1.078065276145935059e+00
1.421482801437377930e+00
1.645246267318725586e+00
1.914995431900024414e+00
1.457449913024902344e+00
1.495730161666870117e+00
2.315324783325195312e+00
-1.053536653518676758e+00
5.376119017601013184e-01
4.527873992919921875e-01
1.062867403030395508e+00
1.852509379386901855e+00
-3.537349700927734375e+00
7.713645100593566895e-01
1.512188196182250977e+00
-2.223324775695800781e+00
-8.861711621284484863e-01
-3.719514608383178711e-01
-2.887078762054443359e+00
-4.899820089340209961e-01
-1.856950044631958008e+00
-1.750922560691833496e+00
5.711929202079772949e-01
4.676531255245208740e-01
-1.550004720687866211e+00
-1.909632205963134766e+00
-1.087921619415283203e+00
-6.652657389640808105e-01
-2.277154684066772461e+00
1.516908884048461914e+00
-3.531023114919662476e-02
-4.335215687751770020e-01
-2.285057783126831055e+00
-6.903120875358581543e-02
-1.575014114379882812e+00
-1.590920090675354004e-01
-1.415817290544509888e-01
3.660006523132324219e-01
-1.909328103065490723e-01
7.650166749954223633e-01
1.115549564361572266e+00
-1.896445035934448242e+00
4.659561216831207275e-01
-6.443571448326110840e-01
-1.460600137710571289e+00
-2.797540187835693359e+00
7.898665666580200195e-01
9.407866001129150391e-02
-2.646577358245849609e+00
9.937812089920043945e-01
-2.122872471809387207e-01
-6.373957991600036621e-01
9.934566915035247803e-02
6.240123510360717773e-02
4.070581197738647461e-01
-2.227125167846679688e+00
-6.774107813835144043e-01
-2.616695880889892578e+00
-1.446631193161010742e+00
-2.863289594650268555e+00
-5.134744644165039062e-01
-2.977649867534637451e-01
-2.431941032409667969e+00
-2.277174472808837891e+00
-1.666580677032470703e+00
-1.424228787422180176e+00
-2.578130960464477539e+00
-4.302076697349548340e-01
-1.380663990974426270e+00
-3.122455358505249023e+00
-2.538532733917236328e+00
9.196351170539855957e-01
7.034382820129394531e-01
-2.764662981033325195e+00
-5.595554113388061523e-01
3.897118866443634033e-01
1.207966804504394531e+00
-9.801214337348937988e-01
-9.226236343383789062e-01
-1.729757547378540039e+00
-2.229824781417846680e+00
-1.680936932563781738e+00
-2.592423915863037109e+00
-2.768753767013549805e-01
-1.943109750747680664e+00
-1.269784092903137207e+00
4.571668505668640137e-01
1.990662515163421631e-01
-1.642115831375122070e+00
-4.911361038684844971e-01
-2.466755867004394531e+00
2.495852708816528320e-01
1.156523704528808594e+00
1.001445531845092773e+00
-3.047789573669433594e+00
-3.099516868591308594e+00
-4.847921133041381836e-01
-2.206213474273681641e+00
2.144786715507507324e-01
-3.470643520355224609e+00
3.074237108230590820e-01
-2.552744150161743164e+00
-9.632662534713745117e-01
-1.364099502563476562e+00
1.102411001920700073e-01
-1.386962413787841797e+00
-1.535531520843505859e+00
-1.101738363504409790e-01
-8.362804055213928223e-01
-2.833278894424438477e+00
-1.918987631797790527e+00
-2.241095542907714844e+00
-4.447432756423950195e-01
-5.169953107833862305e-01
-6.743948459625244141e-01
-3.067777156829833984e+00
-7.349249720573425293e-02
-2.333922386169433594e+00
1.101934194564819336e+00
-2.322687149047851562e+00
-6.377072334289550781e-01
-9.563019871711730957e-01
6.936062574386596680e-01
-1.497648477554321289e+00
4.570346474647521973e-01
-1.141697764396667480e+00
-1.074278354644775391e-01
6.283551454544067383e-03
-6.363487243652343750e-02
8.175764977931976318e-02
-2.014149904251098633e+00
-1.741521596908569336e+00
-1.429480433464050293e+00
-3.299850225448608398e-02
-5.714094638824462891e-01
2.397283315658569336e-01
4.672501683235168457e-01
1.139680743217468262e+00
-2.194354772567749023e+00
-2.042302131652832031e+00
4.632842540740966797e-01
-1.885200738906860352e+00
-2.220486164093017578e+00
7.168067991733551025e-02
-6.164712905883789062e-01
-9.300022125244140625e-01
-2.712577104568481445e+00
-5.826268196105957031e-01
-3.404065132141113281e+00
-2.932700157165527344e+00
-5.421820282936096191e-01
4.579156041145324707e-01
-3.236319065093994141e+00
-2.326597213745117188e+00
-3.278418540954589844e+00
-1.308865547180175781e+00
-1.385734796524047852e+00
-1.635185480117797852e+00
8.763215541839599609e-01
3.894265294075012207e-01
-1.458259582519531250e+00
-2.100268840789794922e+00
7.506908476352691650e-02
4.355547726154327393e-01
-2.418685913085937500e+00
-1.340575218200683594e+00
6.665738821029663086e-01
8.011859059333801270e-01
9.373909831047058105e-01
-3.385450243949890137e-01
-1.847968250513076782e-02
1.834780931472778320e+00
-4.350553154945373535e-01
5.558103322982788086e-02
6.835921406745910645e-01
-7.690757513046264648e-01
-3.210932612419128418e-01
-2.750684976577758789e+00
-2.428391456604003906e+00
-2.622521221637725830e-01
-2.479562997817993164e+00
7.496169805526733398e-01
-2.751723825931549072e-01
-1.116012454032897949e+00
-5.798169970512390137e-01
-4.996821284294128418e-01
-1.747787714004516602e+00
8.370698690414428711e-01
-1.316561698913574219e+00
5.829575061798095703e-01
-1.808197021484375000e+00
-1.492673754692077637e+00
2.353483140468597412e-01
-7.063721418380737305e-01
6.622473001480102539e-01
-3.155635595321655273e-01
-2.192256450653076172e+00
-1.121361613273620605e+00
1.955741643905639648e-01
-1.429320275783538818e-01
-1.480253815650939941e+00
-8.233093023300170898e-01
1.146157383918762207e+00
1.220366716384887695e+00
-2.177033662796020508e+00
-1.055850625038146973e+00
-8.847635984420776367e-01
-1.571027278900146484e+00
3.476502299308776855e-01
-2.877642154693603516e+00
3.874353170394897461e-01
9.552142024040222168e-02
-7.006336450576782227e-01
8.100330829620361328e-02
-3.378477096557617188e-01
4.783879220485687256e-01
-1.127121150493621826e-01
-3.384342193603515625e+00
9.084752202033996582e-02
-1.013944625854492188e+00
-2.061117649078369141e+00
-2.098337173461914062e+00
5.005159974098205566e-01
-2.389078140258789062e+00
-8.589807748794555664e-01
-1.921482801437377930e+00
-2.265866279602050781e+00
-1.814785242080688477e+00
-8.552552461624145508e-01
5.499916076660156250e-01
-2.248821735382080078e+00
1.043602228164672852e+00
1.123247385025024414e+00
-2.465536832809448242e+00
-1.728897809982299805e+00
-1.223554730415344238e+00
2.025111019611358643e-01
1.117385476827621460e-01
-4.552440643310546875e-01
-2.056693434715270996e-01
5.150250792503356934e-01
-7.419581413269042969e-01
-2.872611045837402344e+00
-5.526072978973388672e-01
-2.059252500534057617e+00
2.208229005336761475e-01
-5.326872467994689941e-01
7.741096019744873047e-01
-5.285325050354003906e-01
4.072956740856170654e-01
-1.473068296909332275e-01
-2.747235774993896484e+00
2.948247492313385010e-01
1.372483491897583008e+00
6.670120954513549805e-01
2.747625708580017090e-01
-8.851251602172851562e-01
9.617323279380798340e-01
-2.534435749053955078e+00
-2.196411609649658203e+00
6.792576313018798828e-01
-1.844094872474670410e+00
2.589419484138488770e-01
-7.642617821693420410e-02
-4.197757244110107422e-01
-1.016408056020736694e-01
-1.348340511322021484e-01
-1.806420385837554932e-01
-1.470106720924377441e+00
7.470107078552246094e-01
-2.600388526916503906e-01
-1.117594480514526367e+00
1.126827001571655273e-01
-3.471956253051757812e-01
-2.273035049438476562e+00
9.600580930709838867e-01
7.420591711997985840e-01
-3.321343660354614258e-02
6.706631183624267578e-02
1.366855502128601074e+00
1.703833639621734619e-01
-9.138858318328857422e-01
8.720043301582336426e-01
-5.966523885726928711e-01
1.794250458478927612e-01
-5.432941913604736328e-01
1.581215739250183105e+00
-6.209548711776733398e-01
2.973828315734863281e-01
2.454928755760192871e-01
1.920127868652343750e-02
-4.066332578659057617e-01
-1.688029766082763672e-01
1.320899009704589844e+00
2.735032141208648682e-01
2.853646278381347656e-01
7.212657928466796875e-01
-8.429954051971435547e-01
5.974866747856140137e-01
1.439405679702758789e+00
-5.319166183471679688e-01
5.572919845581054688e-01
-2.328865766525268555e+00
3.509380817413330078e-01
-1.369548439979553223e-01
-7.699897289276123047e-01
-2.754827022552490234e+00
5.534638762474060059e-01
-1.078227639198303223e+00
1.266029775142669678e-01
-3.458905816078186035e-01
2.015353888273239136e-01
-1.001906633377075195e+00
4.357042908668518066e-01
6.282631158828735352e-01
3.459629416465759277e-01
5.823729038238525391e-01
-2.564584732055664062e+00
5.012183785438537598e-01
2.958355545997619629e-01
1.276021003723144531e-01
-1.569211781024932861e-01
-2.065130919218063354e-01
-3.032152056694030762e-01
3.168319165706634521e-02
6.059947013854980469e-01
-2.486166656017303467e-01
-7.745182514190673828e-01
-2.914861679077148438e+00
5.474716424942016602e-01
2.556850314140319824e-01
-6.430449485778808594e-01
-8.020560741424560547e-01
5.182027816772460938e-01
1.231516361236572266e+00
1.077933833003044128e-01
-7.600260972976684570e-01
-1.959854662418365479e-01
6.116004586219787598e-01
-1.503102034330368042e-01
-2.381208539009094238e-02
4.717417955398559570e-01
1.159088611602783203e+00
-5.840801000595092773e-01
6.729951500892639160e-01
1.311977148056030273e+00
4.272058010101318359e-01
2.118949592113494873e-01
1.915617942810058594e+00
-1.165398836135864258e+00
6.390351057052612305e-02
7.142199277877807617e-01
-1.547325253486633301e-01
-1.042875885963439941e+00
1.790750920772552490e-01
-2.042792797088623047e+00
-1.280312895774841309e+00
8.365871906280517578e-01
-1.788822650909423828e+00
2.088111937046051025e-01
-1.618203818798065186e-01
-1.395029306411743164e+00
7.620911300182342529e-02
-8.611968904733657837e-02
3.553861975669860840e-01
5.498578548431396484e-01
-4.381462037563323975e-01
3.709321022033691406e-01
2.166877508163452148e+00
7.558840513229370117e-02
-6.826804280281066895e-01
-1.355257153511047363e+00
-8.215182423591613770e-01
-1.228040456771850586e+00
1.700179278850555420e-02
-5.814410746097564697e-02
1.355980038642883301e-01
5.764930844306945801e-01
7.873725891113281250e-01
6.173197627067565918e-01
-1.010865688323974609e+00
4.115278720855712891e-01
1.923407614231109619e-01
8.318197727203369141e-02
-1.717302680015563965e+00
7.617208957672119141e-01
9.790476560592651367e-01
4.398826360702514648e-01
7.117950320243835449e-01
-7.210134267807006836e-01
-1.390987038612365723e-01
8.966354131698608398e-01
-1.950823903083801270e+00
-2.179298400878906250e+00
8.061200976371765137e-01
1.070146262645721436e-01
4.606285691261291504e-02
2.620842456817626953e-01
-9.746224880218505859e-01
-1.675310879945755005e-01
5.851484537124633789e-01
3.874960541725158691e-01
1.496327519416809082e+00
-7.099603414535522461e-01
-9.260925054550170898e-01
-1.032145738601684570e+00
1.604531854391098022e-01
1.364816665649414062e+00
-4.443029761314392090e-01
-1.523198485374450684e-01
8.242787122726440430e-01
1.001469612121582031e+00
-3.825429081916809082e-01
-1.178971529006958008e+00
-6.916319131851196289e-01
-5.712653994560241699e-01
-5.025278925895690918e-01
1.233589351177215576e-01
1.739232242107391357e-01
-5.104097127914428711e-01
-4.230801463127136230e-01
-9.593567252159118652e-01
3.339989185333251953e-01
-2.513092279434204102e+00
-2.232698440551757812e+00
6.874468922615051270e-02
4.217344522476196289e-01
8.957535028457641602e-02
7.012640237808227539e-01
6.744789481163024902e-01
-4.866161644458770752e-01
-7.611593008041381836e-01
-3.788667619228363037e-01
-3.697618842124938965e-01
-1.499876260757446289e+00
8.562633991241455078e-01
-1.035845398902893066e+00
5.383244752883911133e-01
-2.359104633331298828e+00
-1.464840769767761230e-01
-1.973754763603210449e-01
1.251076608896255493e-01
6.111369729042053223e-01
2.665824294090270996e-01
3.810857832431793213e-01
-2.620241641998291016e+00
1.770814508199691772e-01
-1.818992614746093750e+00
2.022075653076171875e-02
-1.350433945655822754e+00
-8.557170033454895020e-01
9.059698879718780518e-02
-3.614383459091186523e+00
7.970405817031860352e-01
-5.348485708236694336e-01
3.281940817832946777e-01
1.778998374938964844e-01
7.981587648391723633e-01
3.824649751186370850e-01
-1.388003826141357422e+00
9.141696691513061523e-01
-2.702832221984863281e+00
-8.084797859191894531e-02
-4.014480113983154297e-01
1.734916865825653076e-01
-4.810541272163391113e-01
4.342302680015563965e-02
9.352819323539733887e-01
1.693016290664672852e-02
-1.828972458839416504e+00
5.684680938720703125e-01
-2.849097251892089844e-01
-3.586978912353515625e-01
-4.665879309177398682e-01
-7.168771028518676758e-01
-1.896568775177001953e+00
7.181292772293090820e-01
-2.096573829650878906e+00
-1.708680152893066406e+00
1.273491382598876953e+00
-1.021040797233581543e+00
4.653767347335815430e-01
1.752053737640380859e+00
-5.626620054244995117e-01
-8.515557050704956055e-01
-4.649688601493835449e-01
6.326636075973510742e-01
3.950352072715759277e-01
1.411385685205459595e-01
-2.841722965240478516e-01
-2.053214073181152344e+00
-1.080851629376411438e-01
-4.708315134048461914e-01
3.187157809734344482e-01
-9.249661862850189209e-02
-2.661320686340332031e+00
6.227003335952758789e-01
-4.128028452396392822e-02
3.229145705699920654e-01
-7.018878459930419922e-01
1.610038995742797852e+00
1.070318937301635742e+00
-7.486912012100219727e-01
2.622759342193603516e-01
-1.124079942703247070e+00
-7.109151780605316162e-02
5.640656948089599609e-01
2.893550992012023926e-01
4.072412550449371338e-01
-2.240783214569091797e+00
-3.241327404975891113e-02
-2.116908311843872070e+00
2.898614704608917236e-01
4.476168155670166016e-01
-2.157382488250732422e+00
8.596655726432800293e-01
9.963908791542053223e-02
4.087777733802795410e-01
6.208212375640869141e-01
7.190287113189697266e-03
-3.213524818420410156e+00
1.006888985633850098e+00
4.130805134773254395e-01
5.677275657653808594e-01
-7.506515383720397949e-01
1.011973857879638672e+00
-2.826420068740844727e-01
-3.444331586360931396e-01
4.585149288177490234e-01
-3.163604438304901123e-01
-2.044554710388183594e+00
7.976847887039184570e-01
3.959356546401977539e-01
-1.511256098747253418e-01
1.303636670112609863e+00
7.112517356872558594e-01
4.207441210746765137e-02
-2.511958599090576172e+00
-2.830615639686584473e-01
1.847268640995025635e-01
4.859356582164764404e-01
-2.242593765258789062e+00
7.007923126220703125e-01
8.472592234611511230e-01
8.923718929290771484e-01
6.852600574493408203e-01
3.693774342536926270e-01
-1.875491738319396973e-01
5.574659109115600586e-01
-2.642814517021179199e-01
-6.457924842834472656e-03
-1.112302422523498535e+00
-1.761811494827270508e+00
2.902123332023620605e-01
-1.593075037002563477e+00
-1.924072265625000000e+00
-1.090138554573059082e+00
1.626764833927154541e-01
-4.552566111087799072e-01
4.839097857475280762e-01
1.428858637809753418e-01
-2.249059438705444336e+00
-1.733608543872833252e-02
-5.390908718109130859e-01
-2.472269833087921143e-01
1.910590887069702148e+00
6.392599940299987793e-01
3.395125567913055420e-01
3.856458961963653564e-01
-2.045743465423583984e-01
4.652950167655944824e-01
-2.252604722976684570e+00
-3.684365749359130859e-01
5.185052752494812012e-03
-1.238471269607543945e+00
-2.530967235565185547e+00
-2.816452085971832275e-01
1.263162493705749512e-01
-3.073568046092987061e-01
9.000249505043029785e-01
-2.107005417346954346e-01
1.462258398532867432e-01
4.611634612083435059e-01
-1.182447791099548340e+00
1.950652599334716797e-01
-4.511028826236724854e-01
-4.054601788520812988e-01
-1.176145315170288086e+00
2.018118947744369507e-01
-7.158071994781494141e-01
-2.452770471572875977e-01
5.999556183815002441e-02
-2.756484985351562500e+00
1.243242919445037842e-01
-8.807091414928436279e-02
1.984861791133880615e-01
1.108177542686462402e+00
3.168938159942626953e-01
-1.084302783012390137e+00
-2.839941978454589844e+00
-5.111754536628723145e-01
1.276848316192626953e-01
-5.404179692268371582e-01
1.363422870635986328e+00
5.878688097000122070e-01
1.252335071563720703e+00
6.405743956565856934e-02
2.243663668632507324e-01
5.625935792922973633e-01
-4.478472173213958740e-01
6.885446906089782715e-01
-6.153004169464111328e-01
1.189599111676216125e-01
-8.156536817550659180e-01
2.663533687591552734e-01
-3.516107201576232910e-01
5.126473307609558105e-01
8.359199762344360352e-01
2.096470594406127930e-01
1.371147394180297852e+00
3.388952016830444336e-01
7.728132009506225586e-01
8.537381887435913086e-01
-3.365384340286254883e-01
3.155809938907623291e-01
-1.378313302993774414e-01
6.387981176376342773e-01
1.331325173377990723e-01
7.378525137901306152e-01
-1.869468927383422852e+00
1.542711853981018066e-01
1.136406213045120239e-01
-4.035762548446655273e-01
-4.676157534122467041e-01
8.303895592689514160e-02
1.025076806545257568e-01
-1.243357360363006592e-01
-2.507623136043548584e-01
-2.719071209430694580e-01
1.863704919815063477e-01
-1.104633569717407227e+00
-6.045168638229370117e-01
2.190560102462768555e-01
-3.727802038192749023e-01
-8.070453405380249023e-01
-3.423619270324707031e-01
6.366783380508422852e-01
-1.853799819946289062e-01
4.297851920127868652e-01
1.648941040039062500e-01
7.619886100292205811e-02
-8.216404914855957031e-01
2.355053424835205078e-01
-2.130449533462524414e+00
7.308709621429443359e-01
-2.212891131639480591e-01
-5.175913572311401367e-01
-3.928667902946472168e-01
-6.948568224906921387e-01
2.970353364944458008e-01
1.130504488945007324e+00
4.256437718868255615e-02
4.130541980266571045e-01
-6.201580762863159180e-01
1.066496372222900391e+00
-2.790941238403320312e+00
-8.767912387847900391e-01
6.632088422775268555e-01
-7.216211557388305664e-01
-3.872659802436828613e-01
4.072906970977783203e-01
2.089694291353225708e-01
-3.235201537609100342e-01
6.307362318038940430e-01
1.093180179595947266e+00
-5.340194702148437500e-01
-2.354996502399444580e-01
-5.209891796112060547e-01
7.133151292800903320e-01
1.052096843719482422e+00
3.805274367332458496e-01
-1.558211803436279297e+00
1.340606808662414551e-02
3.044961094856262207e-01
1.080552816390991211e+00
2.914014756679534912e-01
8.309468626976013184e-01
2.182811498641967773e-01
5.068811774253845215e-01
5.011286735534667969e-01
9.499971270561218262e-01
1.408502340316772461e+00
2.739732265472412109e-01
3.517208695411682129e-01
1.537510752677917480e-02
-3.110283374786376953e+00
5.634256601333618164e-01
3.565860986709594727e-01
6.564136743545532227e-01
-2.021275043487548828e+00
-3.912062346935272217e-01
1.213841885328292847e-01
-3.363946974277496338e-01
7.790671586990356445e-01
1.752362251281738281e-01
8.673213124275207520e-01
-1.578235387802124023e+00
1.857007145881652832e-01
5.707496404647827148e-01
-1.537695527076721191e-03
5.356611013412475586e-01
5.109648108482360840e-01
-1.654094696044921875e+00
-4.996999800205230713e-01
-2.318850159645080566e-02
-3.120120763778686523e+00
-5.634949207305908203e-01
3.294196426868438721e-01
-1.794269680976867676e-01
-5.144765377044677734e-01
1.105485677719116211e+00
1.597316622734069824e+00
-1.310665011405944824e-01
-1.551729440689086914e-02
3.128376722335815430e+00
-1.804162502288818359e+00
1.538863480091094971e-01
-6.396413445472717285e-01
-1.617759823799133301e+00
-1.167315483093261719e+00
3.069552779197692871e-01
-1.375281691551208496e+00
-3.476026952266693115e-01
8.886966109275817871e-02
8.975192904472351074e-02
-7.921916246414184570e-02
-3.209605216979980469e-01
1.593133211135864258e-01
1.446272253990173340e+00
3.166704773902893066e-01
7.512083053588867188e-01
1.459337711334228516e+00
1.081043362617492676e+00
9.678927063941955566e-01
1.132820010185241699e+00
9.286489486694335938e-01
8.507459163665771484e-01
-1.083250641822814941e-01
-3.458486795425415039e+00
1.131340414285659790e-01
-4.187054634094238281e-01
-3.211294114589691162e-01
2.234757840633392334e-01
2.292250990867614746e-01
8.096904754638671875e-01
-2.592663288116455078e+00
3.061051070690155029e-01
-2.060388565063476562e+00
5.304461121559143066e-01
-2.729588031768798828e+00
-1.893124282360076904e-01
1.071446835994720459e-01
-4.035723805427551270e-01
-2.967411041259765625e+00
7.230751514434814453e-01
2.192310094833374023e+00
-2.374103307723999023e+00
-9.547861218452453613e-01
-5.943991541862487793e-01
7.595336437225341797e-01
5.349367856979370117e-01
-1.166431009769439697e-01
2.044835686683654785e-01
4.028200805187225342e-01
-4.520826935768127441e-01
2.796961665153503418e-01
-2.523070573806762695e-02
4.900766015052795410e-01
5.262953042984008789e-02
-6.240593791007995605e-01
1.050644636154174805e+00
-2.386105060577392578e+00
-5.966421365737915039e-01
-2.702352404594421387e-01
-1.164538979530334473e+00
-3.726368546485900879e-01
-1.808555603027343750e+00
-2.238178253173828125e+00
-5.248731374740600586e-02
-5.892779231071472168e-01
-2.784273028373718262e-01
-8.849113583564758301e-01
2.590740323066711426e-01
-1.498876094818115234e+00
1.707929730415344238e+00
2.533006668090820312e-02
8.485509157180786133e-01
5.940014123916625977e-02
1.323557376861572266e+00
-3.023656010627746582e-01
1.198944747447967529e-01
-6.253921985626220703e-01
2.730246782302856445e-01
1.518719792366027832e+00
-2.595741748809814453e+00
1.881304264068603516e+00
2.070204019546508789e-01
4.298267960548400879e-01
-1.846611022949218750e+00
-5.473057627677917480e-01
4.854587316513061523e-01
6.583462357521057129e-01
-1.706862926483154297e+00
4.987812936305999756e-01
9.911319613456726074e-01
-1.679487824440002441e-01
-1.006018519401550293e-01
1.411538124084472656e+00
-3.447302579879760742e-01
4.276829957962036133e-02
-2.466239929199218750e+00
2.372449636459350586e-02
-1.165946960449218750e+00
-1.139886617660522461e+00
-7.572900056838989258e-01
-2.077616602182388306e-01
4.076113104820251465e-01
5.689103603363037109e-01
-1.123031258583068848e+00
-2.463822364807128906e+00
-6.952142715454101562e-02
-1.624382972717285156e+00
1.582247316837310791e-01
2.085288316011428833e-01
1.873148381710052490e-01
-1.693414330482482910e+00
-1.975776433944702148e+00
-5.276720225811004639e-02
1.059214711189270020e+00
1.158674955368041992e+00
-1.767539829015731812e-01
6.099452078342437744e-02
-4.685919880867004395e-01
-8.273937702178955078e-01
-2.682613611221313477e+00
3.493304848670959473e-01
8.589603304862976074e-01
4.374890327453613281e-01
1.255791068077087402e+00
1.610949873924255371e+00
-1.906413793563842773e+00
-3.161838352680206299e-01
1.460158824920654297e-02
7.316091656684875488e-02
5.728838443756103516e-01
5.400247573852539062e-01
1.448019623756408691e+00
-2.576871514320373535e-01
-4.268203675746917725e-01
-1.005523920059204102e+00
3.359533548355102539e-01
-5.842013359069824219e-01
1.545481801033020020e+00
5.365566015243530273e-01
-3.402554988861083984e-01
-2.119771838188171387e-01
-2.284232676029205322e-01
2.772588729858398438e-01
2.148057520389556885e-01
2.534753084182739258e-01
-8.673471212387084961e-02
-2.075382947921752930e+00
1.961039900779724121e-01
-1.670170664787292480e+00
-8.774618506431579590e-01
-1.423615455627441406e+00
1.241507828235626221e-01
4.378880187869071960e-02
-3.356053829193115234e-01
2.992004156112670898e-04
-2.435579776763916016e+00
-6.533622741699218750e-03
-3.156041502952575684e-01
-5.617623329162597656e-01
2.475554347038269043e-01
-6.342174410820007324e-01
-1.150412186980247498e-01
-2.591887712478637695e-01
1.105303287506103516e+00
2.100335121154785156e+00
1.227534413337707520e+00
1.067624092102050781e+00
1.623934268951416016e+00
1.056351661682128906e+00
1.929255485534667969e+00
2.361191034317016602e+00
1.608864784240722656e+00
8.681899309158325195e-01
1.674591183662414551e+00
5.350040197372436523e-01
2.044645547866821289e+00
1.174820423126220703e+00
1.139980077743530273e+00
1.683583736419677734e+00
1.446742296218872070e+00
1.229039907455444336e+00
1.875373840332031250e+00
1.299340963363647461e+00
1.835025787353515625e+00
2.463081359863281250e+00
1.902421593666076660e+00
1.289968967437744141e+00
1.687780022621154785e+00
9.859732389450073242e-01
1.808891773223876953e+00
3.823245167732238770e-01
1.552165031433105469e+00
9.860392808914184570e-01
1.950126528739929199e+00
1.890742540359497070e+00
9.709308147430419922e-01
1.283190846443176270e+00
2.205481767654418945e+00
2.261378288269042969e+00
-8.341413736343383789e-02
1.772894144058227539e+00
1.104615211486816406e+00
1.116979241371154785e+00
5.937621593475341797e-01
1.624997615814208984e+00
1.083265304565429688e+00
1.786775708198547363e+00
1.093706965446472168e+00
1.991871595382690430e+00
1.854578018188476562e+00
1.154009938240051270e+00
1.064403772354125977e+00
6.939074993133544922e-01
7.509280443191528320e-01
-3.357563614845275879e-01
1.975718021392822266e+00
1.228809118270874023e+00
1.631583333015441895e+00
1.550320029258728027e+00
1.271064519882202148e+00
1.003081798553466797e+00
1.035199403762817383e+00
6.450352668762207031e-01
1.294436931610107422e+00
9.313887357711791992e-01
6.015288829803466797e-01
1.837282657623291016e+00
1.158856749534606934e+00
3.089883327484130859e+00
3.618780374526977539e-01
1.270457744598388672e+00
1.974762916564941406e+00
-1.791889667510986328e+00
6.841588020324707031e-01
6.969786882400512695e-01
9.745994806289672852e-01
2.708245992660522461e+00
1.922960758209228516e+00
3.123156726360321045e-01
1.135387539863586426e+00
-5.719471573829650879e-01
3.400953710079193115e-01
9.596384167671203613e-01
2.468782424926757812e+00
-1.319410204887390137e+00
1.038921952247619629e+00
5.872930288314819336e-01
3.806639313697814941e-01
1.751600027084350586e+00
1.245684027671813965e+00
1.794563531875610352e+00
1.024880290031433105e+00
1.553169488906860352e+00
1.034427642822265625e+00
1.517986655235290527e+00
9.946766495704650879e-01
-2.633982896804809570e-02
2.273569345474243164e+00
1.628487110137939453e+00
2.185209274291992188e+00
1.340172052383422852e+00
2.812633514404296875e-01
2.415111303329467773e+00
9.236791729927062988e-01
1.281898260116577148e+00
1.403879642486572266e+00
-1.474292874336242676e-01
-2.949681043624877930e+00
4.025387167930603027e-01
2.075381755828857422e+00
1.321452617645263672e+00
1.580111026763916016e+00
1.299829840660095215e+00
1.210984706878662109e+00
3.169641196727752686e-01
7.431194782257080078e-01
2.573199987411499023e+00
1.974368214607238770e+00
-5.554456710815429688e-01
-1.515883207321166992e-01
3.948108553886413574e-01
8.913096189498901367e-01
-1.690765023231506348e-01
7.058508992195129395e-01
8.066399693489074707e-01
-1.417236566543579102e+00
3.414627015590667725e-01
-3.906721353530883789e+00
9.021618366241455078e-01
1.227192521095275879e+00
1.081260681152343750e+00
4.811325967311859131e-01
5.058732032775878906e-01
9.322729706764221191e-01
4.503638148307800293e-01
-3.247681379318237305e+00
8.345215916633605957e-01
1.495523691177368164e+00
-5.200188159942626953e-01
1.711224317550659180e-01
-7.952927947044372559e-01
2.030984163284301758e-01
3.029995262622833252e-01
1.847163438796997070e+00
7.437018156051635742e-01
-1.078420639038085938e+00
3.041533827781677246e-01
3.305264413356781006e-01
4.011778235435485840e-01
8.252407312393188477e-01
1.545283794403076172e+00
7.396961450576782227e-01
2.349023342132568359e+00
1.155428171157836914e+00
2.022216081619262695e+00
5.731925964355468750e-01
-2.292727530002593994e-01
1.488505244255065918e+00
1.065043807029724121e+00
1.027009010314941406e+00
-8.374910354614257812e-01
8.183209896087646484e-01
4.679898917675018311e-01
8.207737803459167480e-01
9.855687618255615234e-03
1.069731473922729492e+00
3.741471767425537109e-01
1.316489219665527344e+00
1.032902836799621582e+00
3.078636527061462402e-02
8.439122438430786133e-01
-2.414108514785766602e-01
9.576054215431213379e-01
6.036717891693115234e-01
-3.660220801830291748e-01
-1.849156916141510010e-01
3.942543864250183105e-01
7.975459098815917969e-01
1.224415659904479980e+00
4.365009069442749023e-01
1.133010625839233398e+00
1.082948446273803711e+00
1.214885950088500977e+00
1.111908435821533203e+00
3.268576860427856445e-01
9.702949523925781250e-01
-1.355631828308105469e+00
1.503218293190002441e+00
1.192905068397521973e+00
4.859677553176879883e-01
1.162742018699645996e+00
1.417653083801269531e+00
7.309447526931762695e-01
1.052200794219970703e-01
-9.744805097579956055e-01
7.295119166374206543e-01
1.272988200187683105e+00
7.657137513160705566e-01
9.263173341751098633e-01
3.224399387836456299e-01
8.350029587745666504e-02
5.894157886505126953e-01
4.114074707031250000e-01
3.599134087562561035e-01
-5.287474393844604492e-01
2.320414930582046509e-01
-8.899984359741210938e-01
2.562396526336669922e-01
7.455984950065612793e-01
1.306296586990356445e+00
-2.068227529525756836e-02
1.186802387237548828e+00
1.468907952308654785e+00
1.755828559398651123e-01
1.379966735839843750e-01
6.071195602416992188e-01
1.614417552947998047e+00
-5.008266866207122803e-02
2.069105625152587891e+00
1.346270084381103516e+00
7.646479606628417969e-01
5.830471515655517578e-01
5.428314208984375000e-01
9.684610366821289062e-01
5.475763082504272461e-01
9.069871902465820312e-01
2.266926765441894531e+00
1.053733468055725098e+00
8.230711221694946289e-01
4.398949444293975830e-01
9.198353290557861328e-01
7.298311591148376465e-01
9.890250563621520996e-01
-1.150401830673217773e-01
-5.060869455337524414e-01
4.808456897735595703e-01
1.162342548370361328e+00
1.011003494262695312e+00
2.822878360748291016e-01
1.284669935703277588e-01
1.378492236137390137e+00
4.656686186790466309e-01
8.850802183151245117e-01
1.250518441200256348e+00
8.198921680450439453e-01
5.215601921081542969e-01
1.124440431594848633e+00
4.159676432609558105e-01
1.766834735870361328e+00
1.854985594749450684e+00
2.037682056427001953e+00
-2.476294755935668945e+00
2.250917434692382812e+00
1.623515486717224121e+00
1.238485097885131836e+00
2.273966670036315918e-01
1.503226041793823242e+00
1.909933328628540039e+00
2.924885272979736328e+00
1.538010716438293457e+00
1.489340066909790039e+00
-2.071220397949218750e+00
9.394230842590332031e-01
1.556428551673889160e+00
1.190303683280944824e+00
1.729646682739257812e+00
1.434644460678100586e+00
1.094091176986694336e+00
9.059303998947143555e-01
1.723900914192199707e+00
1.809571027755737305e+00
1.679801464080810547e+00
2.899279892444610596e-01
1.881757855415344238e+00
1.858894109725952148e+00
5.679322481155395508e-01
3.688741326332092285e-01
2.886038541793823242e+00
-2.351104259490966797e+00
1.042390823364257812e+00
2.176999568939208984e+00
5.966500639915466309e-01
1.373368024826049805e+00
1.166608572006225586e+00
1.680563449859619141e+00
2.854867458343505859e+00
6.927474737167358398e-01
1.077294707298278809e+00
8.205666542053222656e-01
1.585197687149047852e+00
1.882755756378173828e+00
1.811949253082275391e+00
2.269528865814208984e+00
1.614377260208129883e+00
1.671197414398193359e+00
1.421020030975341797e+00
1.978451728820800781e+00
1.307648897171020508e+00
1.629837274551391602e+00
1.469579100608825684e+00
-7.695952653884887695e-01
3.034833073616027832e-01
4.548572897911071777e-01
1.761310815811157227e+00
-1.462535381317138672e+00
1.476707696914672852e+00
7.661473155021667480e-01
1.746600151062011719e+00
5.997076630592346191e-01
5.525690317153930664e-01
-2.280737876892089844e+00
1.349955320358276367e+00
2.000440597534179688e+00
1.031126141548156738e+00
6.982337236404418945e-01
1.523716211318969727e+00
2.573026895523071289e+00
1.811954617500305176e+00
1.033362865447998047e+00
3.795999288558959961e-01
1.259357571601867676e+00
3.467281162738800049e-01
1.469318270683288574e+00
