-9.765642285346984863e-01
2.510011434555053711e+00
-9.963698983192443848e-01
-2.114713788032531738e-01
2.576781213283538818e-01
4.315747618675231934e-01
1.813216686248779297e+00
2.356430530548095703e+00
1.658116430044174194e-01
-1.167332530021667480e-01
1.345190405845642090e-02
2.455363273620605469e+00
1.232590675354003906e+00
1.908293008804321289e+00
2.821282386779785156e+00
3.998708724975585938e-01
-9.802298545837402344e-01
6.576415896415710449e-01
-1.926670551300048828e+00
4.935388863086700439e-01
1.409156799316406250e+00
1.196134328842163086e+00
-8.914849162101745605e-01
-1.458704173564910889e-01
9.004597663879394531e-01
-1.053203225135803223e+00
1.967959254980087280e-01
-1.191004633903503418e+00
2.659594118595123291e-01
4.107752799987792969e+00
6.023241877555847168e-01
-6.935749053955078125e-01
2.906223535537719727e+00
-1.061015367507934570e+00
-2.060138463973999023e+00
9.420287609100341797e-01
6.731498241424560547e-01
-3.829571604728698730e-01
1.520574808120727539e+00
-1.063193917274475098e+00
2.964353799819946289e+00
2.705565452575683594e+00
-3.866995573043823242e-01
-2.698808193206787109e+00
-8.920222520828247070e-01
-1.502688407897949219e+00
-1.777551651000976562e+00
1.756390213966369629e+00
2.950855493545532227e+00
-1.862944215536117554e-01
2.496981620788574219e+00
-1.191214442253112793e+00
-4.110990524291992188e+00
-1.421135902404785156e+00
1.072809457778930664e+00
-2.463056147098541260e-01
1.541981935501098633e+00
-1.540627717971801758e+00
-1.981638520956039429e-01
-1.664548873901367188e+00
-3.301801085472106934e-01
2.419064998626708984e+00
1.343223571777343750e+00
1.859066963195800781e+00
-1.470865845680236816e+00
-1.146451950073242188e+00
-2.359444350004196167e-01
4.286891818046569824e-01
-1.572755336761474609e+00
2.754897356033325195e+00
2.246768951416015625e+00
-7.191614508628845215e-01
-1.834213733673095703e-03
-7.931527495384216309e-01
9.693317413330078125e-01
9.216983318328857422e-01
8.285628557205200195e-01
1.269599080085754395e+00
2.361933231353759766e+00
1.040192723274230957e+00
-1.124403357505798340e+00
5.988990664482116699e-01
1.970287322998046875e+00
6.180879473686218262e-02
2.065371751785278320e+00
1.996338367462158203e+00
-4.590076804161071777e-01
-9.448464512825012207e-01
1.877121478319168091e-01
2.272654771804809570e+00
2.325480729341506958e-01
2.112617492675781250e+00
2.358577251434326172e+00
4.127152562141418457e-01
3.746906816959381104e-01
-5.179627537727355957e-01
-1.627612352371215820e+00
-1.994168519973754883e+00
4.886409938335418701e-01
-8.539294004440307617e-01
1.682553768157958984e+00
-8.633886575698852539e-01
2.782370805740356445e+00
-1.636275172233581543e+00
5.052918791770935059e-01
6.409130245447158813e-02
6.902389526367187500e-01
2.074298620223999023e+00
-2.065327405929565430e+00
-1.837563753128051758e+00
-3.427917480468750000e+00
-2.067335605621337891e+00
-2.847297668457031250e+00
-8.088974356651306152e-01
-2.842574596405029297e+00
-2.990902900695800781e+00
-2.548007488250732422e+00
-2.834219217300415039e+00
-2.546282052993774414e+00
-1.887592554092407227e+00
-3.045514583587646484e+00
-2.724635124206542969e+00
-1.888886928558349609e+00
-2.504098892211914062e+00
-2.580304622650146484e+00
-2.371167421340942383e+00
-2.940791130065917969e+00
-2.719704151153564453e+00
-1.790258169174194336e+00
-2.027288436889648438e+00
-2.166388034820556641e+00
-1.853369116783142090e+00
-1.933301687240600586e+00
-2.527160644531250000e+00
-2.933308601379394531e+00
-2.845926284790039062e+00
-2.057963609695434570e+00
-2.604200124740600586e+00
-2.666327953338623047e+00
-2.612374544143676758e+00
-2.076053619384765625e+00
-2.277043819427490234e+00
-3.017759799957275391e+00
-2.514070034027099609e+00
-4.260845482349395752e-01
-2.714422702789306641e+00
-2.664902925491333008e+00
-2.770112514495849609e+00
2.131549835205078125e+00
-2.131167650222778320e+00
-2.261405229568481445e+00
-2.121629238128662109e+00
-1.910271048545837402e+00
-2.605274200439453125e+00
-2.231330394744873047e+00
-2.592938899993896484e+00
-2.185616016387939453e+00
-2.520941734313964844e+00
-2.506970167160034180e+00
-2.180243968963623047e+00
-1.823970794677734375e+00
-1.863384246826171875e+00
-2.476657390594482422e+00
-2.308562040328979492e+00
-3.469158172607421875e+00
-1.053752660751342773e+00
-2.991125106811523438e+00
-2.485451698303222656e+00
-2.076643705368041992e+00
-2.385187387466430664e+00
-2.426314592361450195e+00
-2.036917924880981445e+00
-1.908661246299743652e+00
-2.680652618408203125e+00
-2.222978591918945312e+00
-2.502704620361328125e+00
-2.921768903732299805e+00
-3.498806476593017578e+00
-2.249024868011474609e+00
-2.240153789520263672e+00
-1.860746145248413086e+00
-2.640049695968627930e+00
-2.903666019439697266e+00
-2.680156469345092773e+00
-2.806453466415405273e+00
-2.946296215057373047e+00
1.989767432212829590e+00
-2.049053907394409180e+00
-1.289333820343017578e+00
-1.875847339630126953e+00
-2.348497152328491211e+00
5.176449298858642578e+00
-2.615091323852539062e+00
-2.389341592788696289e+00
4.649456024169921875e+00
2.028925180435180664e+00
1.783429861068725586e+00
4.162777900695800781e+00
1.872509360313415527e+00
3.852250099182128906e+00
4.671731948852539062e+00
1.180900573730468750e+00
1.274191379547119141e+00
2.845121622085571289e+00
3.415452241897583008e+00
1.299580693244934082e+00
1.661384344100952148e+00
3.077289104461669922e+00
1.043778896331787109e+00
9.948103427886962891e-01
8.162976503372192383e-01
4.340401649475097656e+00
2.284351348876953125e+00
3.052777290344238281e+00
1.706683039665222168e+00
1.712896108627319336e+00
1.065102934837341309e+00
1.297026872634887695e+00
8.874849677085876465e-01
1.389635324478149414e+00
2.535750627517700195e+00
1.088574886322021484e+00
1.510303974151611328e+00
3.310716629028320312e+00
4.219280242919921875e+00
1.359823226928710938e+00
1.221064686775207520e+00
4.369873523712158203e+00
1.556331992149353027e+00
1.421387672424316406e+00
2.397229909896850586e+00
1.083516716957092285e+00
1.573549985885620117e+00
1.089384078979492188e+00
4.395015239715576172e+00
1.518706560134887695e+00
3.932121276855468750e+00
1.232655405998229980e+00
3.407935619354248047e+00
1.583871126174926758e+00
2.044660568237304688e+00
3.030686855316162109e+00
3.949456930160522461e+00
2.493291378021240234e+00
3.169543981552124023e+00
4.318942546844482422e+00
1.605767369270324707e+00
2.010022640228271484e+00
3.897724151611328125e+00
4.164349555969238281e+00
1.451778531074523926e+00
1.033280849456787109e+00
4.297229290008544922e+00
1.176678419113159180e+00
1.224836826324462891e+00
5.425558686256408691e-01
1.456363081932067871e+00
2.520293235778808594e+00
4.768686294555664062e+00
3.007759332656860352e+00
3.075727462768554688e+00
3.766370296478271484e+00
1.488935708999633789e+00
1.446514368057250977e+00
1.164697766304016113e+00
1.789058327674865723e+00
1.804835319519042969e+00
3.682816267013549805e+00
2.653419256210327148e+00
4.060719966888427734e+00
1.366174697875976562e+00
1.448980569839477539e+00
9.547237157821655273e-01
3.857567548751831055e+00
4.635192871093750000e+00
1.227158784866333008e+00
3.452688932418823242e+00
1.543939948081970215e+00
4.524038314819335938e+00
1.857856988906860352e+00
3.699269294738769531e+00
1.735415935516357422e+00
3.287795543670654297e+00
1.388666629791259766e+00
2.521004676818847656e+00
3.526066780090332031e+00
7.184557914733886719e-01
1.389628410339355469e+00
4.473711967468261719e+00
3.776484012603759766e+00
3.497766733169555664e+00
6.017829179763793945e-01
4.582549631595611572e-01
4.209935069084167480e-01
3.031538486480712891e+00
7.277222871780395508e-01
3.885751247406005859e+00
9.489436149597167969e-01
4.404891014099121094e+00
1.006048917770385742e+00
1.941455245018005371e+00
1.108584523200988770e+00
2.724203586578369141e+00
1.412090778350830078e+00
7.018834352493286133e-01
1.053353071212768555e+00
1.891243457794189453e+00
1.376993417739868164e+00
9.756268262863159180e-01
3.059398889541625977e+00
3.817404747009277344e+00
3.942928791046142578e+00
1.345823526382446289e+00
1.763017773628234863e+00
1.153956770896911621e+00
2.903107881546020508e+00
3.422302603721618652e-01
2.794067859649658203e+00
3.911807060241699219e+00
6.839006543159484863e-01
1.815860986709594727e+00
3.929084300994873047e+00
1.386045813560485840e+00
1.744282722473144531e+00
1.763815760612487793e+00
4.278935909271240234e+00
2.186595916748046875e+00
4.163243770599365234e+00
3.252251625061035156e+00
1.037491798400878906e+00
1.084590673446655273e+00
3.453566312789916992e+00
3.923020124435424805e+00
4.459366798400878906e+00
3.888147115707397461e+00
4.419651031494140625e+00
4.143610477447509766e+00
1.042880773544311523e+00
1.262226939201354980e+00
3.376188755035400391e+00
3.936857938766479492e+00
1.190789222717285156e+00
6.304935216903686523e-01
3.066758871078491211e+00
1.599235296249389648e+00
1.549746274948120117e+00
1.029754877090454102e+00
4.836835861206054688e-01
1.629905700683593750e+00
1.362945079803466797e+00
7.039936780929565430e-01
1.257350325584411621e+00
9.774896502494812012e-01
6.635296344757080078e-01
2.154992103576660156e+00
1.772123217582702637e+00
2.979234218597412109e+00
3.620867729187011719e+00
1.713805437088012695e+00
4.535904884338378906e+00
9.897391200065612793e-01
1.375308275222778320e+00
1.812257528305053711e+00
2.379487276077270508e+00
1.862931728363037109e+00
2.175401687622070312e+00
1.517458677291870117e+00
2.898447751998901367e+00
1.447076320648193359e+00
3.700258731842041016e+00
3.203191280364990234e+00
1.009065032005310059e+00
1.605848789215087891e+00
1.742940306663513184e+00
1.165535688400268555e+00
3.211563348770141602e+00
3.887455940246582031e+00
1.309562921524047852e+00
1.217308044433593750e+00
2.462744712829589844e+00
2.586309194564819336e+00
1.673497319221496582e+00
1.479682683944702148e+00
3.473884582519531250e+00
2.275635242462158203e+00
1.980146169662475586e+00
1.744122505187988281e-01
1.876584172248840332e+00
3.971481323242187500e+00
1.490615129470825195e+00
8.979713916778564453e-01
1.716921329498291016e+00
1.627489566802978516e+00
1.535091638565063477e+00
1.149376988410949707e+00
1.622534990310668945e+00
4.041402339935302734e+00
4.227500259876251221e-01
1.733657956123352051e+00
2.127430677413940430e+00
2.925042629241943359e+00
6.607476472854614258e-01
3.350399971008300781e+00
1.819647073745727539e+00
3.120332002639770508e+00
3.411890745162963867e+00
1.788808584213256836e+00
1.868764996528625488e+00
1.023519158363342285e+00
3.701021432876586914e+00
8.403244614601135254e-01
1.303723454475402832e+00
3.838980197906494141e+00
3.839873790740966797e+00
1.487254500389099121e+00
1.985957860946655273e+00
-6.628472805023193359e-01
-1.007042080163955688e-01
-7.926408052444458008e-01
-2.464765608310699463e-01
1.373744249343872070e+00
3.791325092315673828e+00
-1.646121740341186523e+00
3.124253273010253906e+00
1.941382169723510742e+00
1.198806762695312500e+00
-4.755762219429016113e-02
1.776254653930664062e+00
-5.362925529479980469e-01
-9.311494827270507812e-01
4.293662071228027344e+00
1.117240905761718750e+00
-1.532260656356811523e+00
1.329683542251586914e+00
-6.359288692474365234e-01
1.649713277816772461e+00
-1.958311557769775391e+00
3.457042932510375977e+00
3.234559059143066406e+00
-2.632898390293121338e-01
3.455132246017456055e+00
-1.246616482734680176e+00
-3.588524460792541504e-01
-7.457393407821655273e-02
-6.007564067840576172e-01
-1.767007708549499512e-01
1.030043363571166992e+00
3.678913831710815430e+00
-1.672805547714233398e+00
-3.360316753387451172e-01
3.759590148925781250e+00
-8.380287885665893555e-01
-1.420011401176452637e+00
3.805391311645507812e+00
1.399861693382263184e+00
-7.363812923431396484e-01
6.993253827095031738e-01
5.669523477554321289e-01
-6.225357055664062500e-01
-1.526473760604858398e+00
1.966841340065002441e+00
-1.273761034011840820e+00
1.961024641990661621e+00
1.453296899795532227e+00
-1.908719688653945923e-01
-9.587802290916442871e-01
-9.889909625053405762e-02
-6.076079607009887695e-01
3.875878453254699707e-01
1.589444875717163086e+00
8.435198664665222168e-01
2.699075937271118164e-01
9.836860895156860352e-01
-8.931047320365905762e-01
-7.169826626777648926e-01
-9.864227771759033203e-01
-5.119140148162841797e-01
-1.851418316364288330e-01
-4.023779034614562988e-01
8.596365451812744141e-01
-3.199690580368041992e-01
2.184483528137207031e+00
4.682519435882568359e-01
-1.969164907932281494e-01
1.454663157463073730e+00
3.693853855133056641e+00
1.409590244293212891e+00
-1.406338512897491455e-01
-5.114266872406005859e-01
1.680209636688232422e+00
-4.895465373992919922e-01
-1.722719073295593262e-01
-7.211321592330932617e-01
-9.083877801895141602e-01
-9.565810859203338623e-02
-2.620913505554199219e+00
4.033880233764648438e+00
-1.218356490135192871e+00
-9.748829603195190430e-01
-9.497418403625488281e-01
1.873458266258239746e+00
-5.760012865066528320e-01
1.553338646888732910e+00
-5.624611675739288330e-02
1.412498235702514648e+00
1.010440707206726074e+00
-1.543492078781127930e-03
1.936024904251098633e+00
1.299366950988769531e+00
-7.745463848114013672e-01
1.498731017112731934e+00
-2.372975647449493408e-01
-9.508112668991088867e-01
1.471839666366577148e+00
-2.325138807296752930e+00
1.376372098922729492e+00
-5.524663627147674561e-02
-4.320455193519592285e-01
-1.896263659000396729e-01
-2.027735471725463867e+00
-1.622009992599487305e+00
-1.584704518318176270e-01
9.110140800476074219e-01
-3.187689542770385742e+00
-1.398292303085327148e+00
-5.431953668594360352e-01
1.630092263221740723e+00
-3.644911289215087891e+00
-3.402119576930999756e-01
-3.719032108783721924e-01
1.393422603607177734e+00
1.158235669136047363e-01
1.285983085632324219e+00
-1.019615173339843750e+00
3.529654502868652344e+00
1.545067191123962402e+00
2.321372509002685547e+00
3.534308433532714844e+00
-9.271546006202697754e-01
2.045470952987670898e+00
7.421800494194030762e-01
-4.760426878929138184e-01
-2.701995372772216797e+00
-1.336943507194519043e+00
1.535094022750854492e+00
1.405866026878356934e+00
-1.824856400489807129e+00
-3.846654593944549561e-01
8.900281190872192383e-01
1.317797601222991943e-01
4.358296394348144531e+00
1.590256094932556152e+00
2.388583421707153320e-01
-6.742910742759704590e-01
-5.508022755384445190e-02
1.505699276924133301e+00
1.361758112907409668e+00
-1.331735491752624512e+00
-8.440040349960327148e-01
1.900614619255065918e+00
-8.384976983070373535e-01
1.466959238052368164e+00
1.030559539794921875e+00
3.622449874877929688e+00
-6.278687715530395508e-01
-1.326329946517944336e+00
-5.426789522171020508e-01
-1.123546719551086426e+00
1.273353695869445801e+00
-1.679945588111877441e-01
-2.204810082912445068e-02
2.575021743774414062e+00
3.673036575317382812e+00
-1.842331290245056152e+00
-8.303609490394592285e-01
-7.352074384689331055e-01
-6.688653826713562012e-01
1.741395711898803711e+00
-6.825263500213623047e-01
-2.641639709472656250e-01
1.620844364166259766e+00
-1.785286664962768555e+00
1.336375236511230469e+00
-2.214276194572448730e-01
1.526296138763427734e+00
9.401333332061767578e-01
1.420237302780151367e+00
1.565844655036926270e+00
1.510180473327636719e+00
-2.085435152053833008e+00
-1.346523165702819824e+00
-5.599484443664550781e-01
1.789741277694702148e+00
2.551626205444335938e+00
-4.396281242370605469e-01
2.452870458364486694e-02
-7.458001375198364258e-01
-3.243537843227386475e-01
-7.197558283805847168e-01
1.369873046875000000e+00
2.332925796508789062e+00
1.456050157546997070e+00
4.145279884338378906e+00
2.410556077957153320e+00
1.132791399955749512e+00
-5.478610396385192871e-01
-4.749038517475128174e-01
-1.187842369079589844e+00
1.526189088821411133e+00
1.667125821113586426e+00
5.567538738250732422e-01
-3.513329327106475830e-01
3.253019154071807861e-01
8.761227130889892578e-01
-4.419481754302978516e-01
1.103116512298583984e+00
-1.018538713455200195e+00
2.432525634765625000e+00
-3.712505102157592773e-01
-9.479677081108093262e-01
-7.168993353843688965e-02
9.438111782073974609e-01
-1.702525973320007324e+00
-1.087424039840698242e+00
3.865592718124389648e+00
-1.074460625648498535e+00
4.731578826904296875e+00
9.852943420410156250e-01
1.970644950866699219e+00
-2.779946804046630859e+00
-3.417053818702697754e-01
3.547701835632324219e+00
-4.827841222286224365e-01
-8.831515908241271973e-01
-1.005734443664550781e+00
1.630792021751403809e+00
-3.092737197875976562e-01
-1.856453418731689453e+00
2.430949687957763672e+00
-9.046812057495117188e-01
3.981560230255126953e+00
1.218600511550903320e+00
-8.877974748611450195e-02
-8.014481663703918457e-01
2.118963003158569336e+00
-4.542332887649536133e-01
-1.908797025680541992e+00
-4.746882617473602295e-02
-1.672208309173583984e-01
-1.112796545028686523e+00
-3.427740335464477539e-01
1.562916159629821777e+00
1.734761744737625122e-01
-1.583661198616027832e+00
2.663669586181640625e+00
1.252072811126708984e+00
4.114548683166503906e+00
2.454280138015747070e+00
-1.016590356826782227e+00
1.989866256713867188e+00
-6.150137782096862793e-01
1.340228319168090820e+00
-3.954870998859405518e-01
-1.679252684116363525e-01
2.120213031768798828e+00
1.388539433479309082e+00
1.644952178001403809e+00
1.065137386322021484e-01
-3.713240027427673340e-01
3.891396284103393555e+00
2.982851862907409668e-02
1.365906953811645508e+00
2.316120266914367676e-02
-3.837755918502807617e-01
4.120653629302978516e+00
-1.525157809257507324e+00
-5.994790196418762207e-01
1.858126759529113770e+00
1.620448350906372070e+00
-2.978646755218505859e-02
-8.563725948333740234e-01
2.083743095397949219e+00
1.479359269142150879e-01
1.352898836135864258e+00
1.667680621147155762e+00
8.944304585456848145e-01
-1.146550655364990234e+00
-1.208492994308471680e+00
3.738528251647949219e+00
1.875788092613220215e+00
2.495016574859619141e+00
-4.884812831878662109e-01
-2.430551052093505859e+00
4.583144664764404297e+00
1.284158229827880859e+00
1.074908494949340820e+00
-1.357058048248291016e+00
-3.566402792930603027e-01
1.437628626823425293e+00
4.858585357666015625e+00
1.391295433044433594e+00
-2.939188480377197266e-01
-6.310940384864807129e-01
-4.306346774101257324e-01
1.002727389335632324e+00
1.293902873992919922e+00
1.707651853561401367e+00
1.389538407325744629e+00
1.599958181381225586e+00
3.756151676177978516e+00
-8.608422875404357910e-01
-6.409127712249755859e-01
1.436229705810546875e+00
-2.861530303955078125e+00
1.014128208160400391e+00
1.721708536148071289e+00
3.355326414108276367e+00
1.696126103401184082e+00
-1.214835047721862793e-02
-3.836108744144439697e-02
4.092746734619140625e+00
9.152113199234008789e-01
-3.311706066131591797e+00
-6.255732774734497070e-01
1.231562376022338867e+00
-2.814937829971313477e-01
-7.335084676742553711e-01
1.227136373519897461e+00
-3.096518218517303467e-01
1.917735338211059570e+00
1.907487869262695312e+00
3.859014749526977539e+00
-1.266535997390747070e+00
3.913842678070068359e+00
4.453891277313232422e+00
7.578589916229248047e-01
-4.752235412597656250e-01
-1.035582542419433594e+00
-2.234379768371582031e+00
2.083646297454833984e+00
4.028479099273681641e+00
-1.537897288799285889e-01
1.031380772590637207e+00
1.058667182922363281e+00
-3.171556234359741211e+00
-1.814791560173034668e-01
1.404320955276489258e+00
6.965398788452148438e-03
-1.628308892250061035e-01
-5.063325166702270508e-01
4.370170116424560547e+00
-5.699374079704284668e-01
1.961594820022583008e+00
2.659381628036499023e+00
4.177846908569335938e+00
2.841037511825561523e-02
-1.086263895034790039e+00
1.073180913925170898e+00
-3.134243488311767578e-01
-4.259445965290069580e-01
2.071558713912963867e+00
1.427428483963012695e+00
-9.612901210784912109e-01
-7.141987681388854980e-01
-5.631158947944641113e-01
2.311587035655975342e-01
1.114582061767578125e+00
-2.695706784725189209e-01
1.633842945098876953e+00
-6.025431752204895020e-01
1.088528871536254883e+00
3.672686338424682617e+00
-7.921025156974792480e-02
-3.678316175937652588e-01
-1.877254545688629150e-01
-1.202287435531616211e+00
-3.020818531513214111e-01
-1.813243627548217773e-01
3.811043500900268555e+00
1.347922801971435547e+00
1.458961248397827148e+00
-1.171540617942810059e-01
-8.790341019630432129e-01
-6.118007302284240723e-01
1.182594180107116699e+00
1.399996876716613770e-02
1.687043905258178711e-01
8.588036894798278809e-01
1.746524095535278320e+00
9.193481802940368652e-01
-2.618164062500000000e+00
-2.531133294105529785e-01
1.152881622314453125e+00
1.694082856178283691e+00
-1.310920566320419312e-01
8.767079114913940430e-01
-5.234732031822204590e-01
-3.866593241691589355e-01
-2.180832862854003906e+00
-2.985663414001464844e+00
-6.424432992935180664e-01
-2.342752218246459961e-01
1.048278331756591797e+00
-9.816621541976928711e-01
-7.888057231903076172e-01
2.878440022468566895e-01
1.393222093582153320e+00
-8.650517463684082031e-01
2.908420085906982422e+00
1.637974143028259277e+00
-8.572546839714050293e-01
8.550498485565185547e-01
-8.445738554000854492e-01
-1.169905662536621094e+00
1.691164672374725342e-01
-3.666519820690155029e-01
1.050411701202392578e+00
-1.019400358200073242e-01
-6.860494613647460938e-01
8.964354395866394043e-01
5.591127276420593262e-01
2.420133352279663086e+00
-1.889546215534210205e-01
2.697026968002319336e+00
7.607780098915100098e-01
1.195504665374755859e+00
-1.459153056144714355e+00
-7.430774569511413574e-01
1.306104421615600586e+00
1.634642481803894043e+00
1.646311163902282715e+00
-7.837499380111694336e-01
2.927160978317260742e+00
-2.891072034835815430e-01
1.463546633720397949e+00
1.354516506195068359e+00
5.023234486579895020e-01
3.819814920425415039e-01
-1.570354223251342773e+00
-3.111705482006072998e-01
-1.079610347747802734e+00
-8.372842073440551758e-01
5.851624608039855957e-01
-1.555227041244506836e+00
3.892094850540161133e+00
1.331225395202636719e+00
-6.703245043754577637e-01
1.553828120231628418e-01
1.891056537628173828e+00
1.512922048568725586e+00
2.590122818946838379e-01
9.696821570396423340e-01
-1.468071818351745605e+00
-1.140372514724731445e+00
2.196816802024841309e-01
-5.778301358222961426e-01
-8.017407357692718506e-02
-6.925624012947082520e-01
-2.265624046325683594e+00
-6.730885505676269531e-01
2.102033615112304688e+00
-9.742580056190490723e-01
1.992758512496948242e-01
-1.512781262397766113e+00
-1.062574982643127441e+00
-1.609093189239501953e+00
-7.920281291007995605e-01
-1.362758398056030273e+00
-9.893059730529785156e-01
-1.026177883148193359e+00
-2.358088016510009766e+00
1.270963191986083984e+00
2.044444084167480469e-01
1.321935176849365234e+00
4.688907146453857422e+00
-8.681445121765136719e-01
-3.740010261535644531e-01
-2.504370212554931641e+00
4.169522762298583984e+00
5.142769813537597656e-01
2.094067811965942383e+00
1.072247266769409180e+00
-1.301994085311889648e+00
2.370959758758544922e+00
-3.048385381698608398e-01
3.768800258636474609e+00
-8.966750502586364746e-01
-1.552007913589477539e+00
-9.422867894172668457e-01
-4.911225736141204834e-01
-4.207637608051300049e-01
2.627552509307861328e+00
-3.500156402587890625e-01
-4.166886806488037109e-01
4.899015426635742188e+00
1.433658838272094727e+00
-5.856288671493530273e-01
-4.315261244773864746e-01
-3.282987177371978760e-01
-3.677245616912841797e+00
-2.944734334945678711e+00
-1.211745619773864746e+00
-1.024269163608551025e-01
-3.364553213119506836e+00
3.045028686523437500e+00
-4.930518269538879395e-01
-5.578073859214782715e-01
3.648718595504760742e+00
1.501490235328674316e+00
-9.931814670562744141e-01
-4.825134277343750000e-01
6.163945198059082031e-01
1.794609785079956055e+00
3.520045876502990723e-01
-1.134672880172729492e+00
-8.906121253967285156e-01
-2.064044237136840820e+00
-2.623402118682861328e+00
-5.289248228073120117e-01
-7.746647596359252930e-01
1.674145102500915527e+00
-1.159182071685791016e+00
-1.339383244514465332e+00
-2.106145858764648438e+00
-1.821258902549743652e+00
-1.122914552688598633e+00
-4.644003510475158691e-01
4.234331130981445312e+00
-4.996885359287261963e-01
1.304050445556640625e+00
-8.243064284324645996e-01
6.887093782424926758e-01
-1.808014869689941406e+00
-6.991568207740783691e-01
4.267740249633789062e+00
-2.067275643348693848e-01
4.115745544433593750e+00
-2.474853277206420898e+00
5.412042617797851562e+00
-3.186724424362182617e+00
-8.058848381042480469e-01
1.349598318338394165e-01
4.099065303802490234e+00
-1.362430453300476074e+00
-2.075765371322631836e+00
3.031111478805541992e+00
2.321929454803466797e+00
-5.185253024101257324e-01
5.695885419845581055e-02
-3.072837591171264648e-01
1.230680942535400391e+00
-3.225804805755615234e+00
1.606776118278503418e+00
-6.940895318984985352e-01
-1.565175771713256836e+00
1.451283693313598633e+00
-1.314878463745117188e-02
1.215366601943969727e+00
1.476918578147888184e+00
-1.738686680793762207e+00
3.989161014556884766e+00
-8.739957213401794434e-01
7.993052005767822266e-01
-1.175685375928878784e-01
-4.590456187725067139e-01
1.943699836730957031e+00
4.942727386951446533e-01
1.183496832847595215e+00
-2.789140343666076660e-01
1.277100443840026855e+00
-1.252406835556030273e-01
-6.624646186828613281e-01
3.527468681335449219e+00
1.279960513114929199e+00
-6.210885643959045410e-01
1.888784766197204590e+00
-5.960996150970458984e-01
-2.585487604141235352e+00
-2.929506897926330566e-01
1.141376256942749023e+00
1.827480196952819824e+00
-1.204137206077575684e-01
-7.151578664779663086e-01
3.838401556015014648e+00
-2.324254512786865234e+00
-6.046196222305297852e-01
1.393386840820312500e+00
3.802403211593627930e+00
1.240205049514770508e+00
1.817666888236999512e+00
1.781282901763916016e+00
2.716645479202270508e+00
1.725096225738525391e+00
-6.726194620132446289e-01
2.583289146423339844e-01
-9.706814289093017578e-01
1.911927580833435059e+00
-4.149321317672729492e-01
-7.309635877609252930e-01
4.033164978027343750e+00
-3.661045432090759277e-02
3.533052444458007812e+00
1.157978624105453491e-01
1.184722304344177246e+00
1.375341176986694336e+00
-7.911127805709838867e-01
-5.431143045425415039e-01
1.000858068466186523e+00
4.218935966491699219e+00
1.181605815887451172e+00
2.289270877838134766e+00
1.446197032928466797e+00
1.087529063224792480e+00
-8.770765662193298340e-01
1.135640144348144531e+00
3.661644935607910156e+00
1.176299974322319031e-01
-9.472720026969909668e-01
-1.897990584373474121e+00
-7.710409164428710938e-01
1.652277946472167969e+00
-5.573238730430603027e-01
2.880643010139465332e-01
4.206841945648193359e+00
1.113040566444396973e+00
-6.573212146759033203e-01
-2.365038156509399414e+00
5.253351926803588867e-01
-1.353259533643722534e-01
4.627702236175537109e+00
1.302474737167358398e+00
-9.505955576896667480e-01
-8.879710435867309570e-01
-9.883179664611816406e-01
1.652386546134948730e+00
-2.736727714538574219e+00
-1.749446690082550049e-01
-1.553329348564147949e+00
-1.219908833503723145e+00
1.645043373107910156e+00
-3.477085828781127930e-01
-2.981956481933593750e+00
-4.497659802436828613e-01
1.282481312751770020e+00
6.973886489868164062e-01
-5.906689167022705078e-01
-1.032698273658752441e+00
-5.720853805541992188e-01
1.120673179626464844e+00
1.250952959060668945e+00
4.140148639678955078e+00
-4.980868101119995117e-02
1.336926698684692383e+00
1.706341981887817383e+00
4.862957000732421875e-01
1.868295669555664062e+00
-4.042308628559112549e-01
9.369962811470031738e-01
-2.170701324939727783e-01
4.324359893798828125e+00
-7.707524299621582031e-01
2.023303270339965820e+00
-6.788280010223388672e-01
-4.506558477878570557e-01
8.495966196060180664e-01
-1.585283637046813965e+00
-6.533470153808593750e-01
-2.236336708068847656e+00
-2.561397075653076172e+00
-2.500133275985717773e+00
-2.362400293350219727e+00
-2.305517435073852539e+00
-1.899964809417724609e+00
-1.831993937492370605e+00
-3.474975585937500000e+00
-2.875516414642333984e+00
-2.532474517822265625e+00
-2.575073719024658203e+00
-1.888037323951721191e+00
-3.157083272933959961e+00
-1.975802421569824219e+00
-2.647147417068481445e+00
-2.690109252929687500e+00
-2.075011968612670898e+00
-2.725940704345703125e+00
-2.568129062652587891e+00
-2.683570384979248047e+00
-3.001787662506103516e+00
-3.081706762313842773e+00
-2.939673423767089844e+00
-2.491913557052612305e+00
-2.515378236770629883e+00
-2.788465738296508789e+00
-2.352830171585083008e+00
-1.984045863151550293e+00
-3.067265987396240234e+00
-2.199798345565795898e+00
-3.612865447998046875e+00
-2.643955230712890625e+00
-2.545764923095703125e+00
-2.077956199645996094e+00
-2.722655057907104492e+00
-2.805019855499267578e+00
-2.170714855194091797e+00
-2.877585887908935547e+00
-1.986207604408264160e+00
-2.741067171096801758e+00
-2.021845579147338867e+00
-2.861712455749511719e+00
-1.567561388015747070e+00
-2.707935571670532227e+00
-2.257660865783691406e+00
-3.371786832809448242e+00
-2.807859897613525391e+00
-2.211555242538452148e+00
-2.259530544281005859e+00
-1.596374630928039551e+00
-2.320430755615234375e+00
-1.137577652931213379e+00
-2.486006259918212891e+00
-2.412141799926757812e+00
-2.671619415283203125e+00
-2.543703556060791016e+00
-3.066740989685058594e+00
-1.730023622512817383e+00
-2.490924119949340820e+00
-1.740879058837890625e+00
-2.216518402099609375e+00
-2.516203641891479492e+00
-2.381754875183105469e+00
-1.897013068199157715e+00
-1.763920187950134277e+00
-3.120003700256347656e+00
-2.416896104812622070e+00
-2.023763418197631836e+00
-2.468369245529174805e+00
2.698092937469482422e+00
-2.230942964553833008e+00
-2.092504501342773438e+00
-2.197905540466308594e+00
-3.238601207733154297e+00
-3.010238170623779297e+00
-1.183713912963867188e+00
-2.171267747879028320e+00
-2.064909696578979492e+00
-2.503875255584716797e+00
-2.599629878997802734e+00
-2.929483890533447266e+00
2.053206443786621094e+00
-2.007059097290039062e+00
-2.452483177185058594e+00
-9.958097338676452637e-02
-3.215600728988647461e+00
-2.273097515106201172e+00
-3.023679018020629883e+00
-2.311054468154907227e+00
-2.412438154220581055e+00
-2.203669548034667969e+00
-2.771472930908203125e+00
-3.692066907882690430e+00
1.064930915832519531e+00
-2.616738796234130859e+00
-2.010445594787597656e+00
-3.017519474029541016e+00
-1.864353418350219727e+00
-2.726134300231933594e+00
-2.699765682220458984e+00
-2.439446449279785156e+00
-2.739731311798095703e+00
-3.039362907409667969e+00
1.707486391067504883e+00
3.941729545593261719e+00
-2.119442462921142578e+00
-2.407142400741577148e+00
-2.496646404266357422e+00
-2.799154281616210938e+00
-2.223945617675781250e+00
-3.084881782531738281e+00
-2.472038984298706055e+00
-2.708555698394775391e+00
-2.816763162612915039e+00
-3.414697170257568359e+00
-1.470040440559387207e+00
-1.241781473159790039e+00
-6.762860417366027832e-01
-2.084820032119750977e+00
-2.118569135665893555e+00
-2.277786254882812500e+00
-1.692629456520080566e+00
2.577039241790771484e+00
-1.704505920410156250e+00
4.111474514007568359e+00
-1.884314298629760742e+00
-2.338237285614013672e+00
-2.157737016677856445e+00
2.218387603759765625e+00
1.740647077560424805e+00
-1.849991083145141602e+00
-2.707884073257446289e+00
4.935119152069091797e+00
-2.964997291564941406e+00
-3.161546707153320312e+00
1.529934108257293701e-01
-1.294572830200195312e+00
-2.756258249282836914e+00
-1.273853540420532227e+00
-1.829066276550292969e+00
-3.584318161010742188e+00
-1.624915599822998047e+00
2.663484215736389160e-01
-3.871742248535156250e+00
-5.879033207893371582e-01
-7.900345921516418457e-01
-9.684018492698669434e-01
-1.295586228370666504e+00
-1.248541474342346191e+00
-2.632494926452636719e+00
-1.159961938858032227e+00
-2.603215694427490234e+00
-1.799809336662292480e+00
-1.432903289794921875e+00
-1.589438199996948242e+00
-1.001900911331176758e+00
-4.006448745727539062e+00
2.526273727416992188e+00
-1.297445535659790039e+00
-1.153329014778137207e+00
-1.077227592468261719e+00
-2.395078897476196289e+00
-2.297609806060791016e+00
-1.392337322235107422e+00
-1.866807579994201660e+00
-1.357271790504455566e+00
-1.523942351341247559e+00
-2.351031303405761719e+00
-1.473086714744567871e+00
-2.432761430740356445e+00
-2.166058778762817383e+00
-5.894907116889953613e-01
-1.364165186882019043e+00
-2.603505849838256836e+00
-2.480529308319091797e+00
-3.223491430282592773e+00
-1.741736412048339844e+00
-2.516615867614746094e+00
-2.470963001251220703e+00
-2.143212318420410156e+00
-3.004056930541992188e+00
-1.446773290634155273e+00
-1.982470273971557617e+00
-3.252328157424926758e+00
-2.248127937316894531e+00
-1.404635071754455566e+00
-3.178330421447753906e+00
-1.104094147682189941e+00
-1.310551166534423828e+00
-2.739505767822265625e+00
-1.322266340255737305e+00
-2.803332090377807617e+00
-1.657106995582580566e+00
-2.941160917282104492e+00
-1.820333838462829590e+00
-1.005867719650268555e+00
-2.712897062301635742e+00
-3.354764461517333984e+00
-2.148263931274414062e+00
-1.133494615554809570e+00
-2.837777614593505859e+00
-2.879353761672973633e-01
-1.094524502754211426e+00
-1.497084498405456543e+00
-2.067808151245117188e+00
-1.239385485649108887e+00
-2.922088623046875000e+00
-1.095061063766479492e+00
-1.718380689620971680e+00
-3.104133844375610352e+00
-8.141753077507019043e-01
-7.822013497352600098e-01
-2.619506359100341797e+00
-3.507048606872558594e+00
-9.166451692581176758e-01
-2.529679775238037109e+00
-2.469411373138427734e+00
-2.546195507049560547e+00
-1.582931518554687500e+00
-1.458660125732421875e+00
-1.788736343383789062e+00
-1.086897850036621094e+00
-2.470968484878540039e+00
-3.543331623077392578e+00
-1.882688164710998535e+00
-1.865236997604370117e+00
-1.262983560562133789e+00
-2.482623577117919922e+00
-1.439251303672790527e+00
-2.671725034713745117e+00
-2.213120937347412109e+00
-2.808935403823852539e+00
-3.887702524662017822e-01
-1.255655646324157715e+00
-3.126119136810302734e+00
-1.065477013587951660e+00
-2.590743303298950195e+00
-2.608094453811645508e+00
-1.098811149597167969e+00
-1.626127123832702637e+00
-2.983023881912231445e+00
-1.734516859054565430e+00
-1.771829962730407715e+00
-2.273469448089599609e+00
-1.244295597076416016e+00
-3.249412059783935547e+00
-2.305499076843261719e+00
-2.778367996215820312e+00
5.574164867401123047e+00
-3.243854522705078125e+00
-2.753863811492919922e+00
1.687276840209960938e+00
-1.654781103134155273e+00
-3.098285198211669922e+00
-3.129596471786499023e+00
-3.273028850555419922e+00
-2.685025215148925781e+00
-2.660816192626953125e+00
4.766274452209472656e+00
-2.216124773025512695e+00
-2.732384681701660156e+00
-2.427036523818969727e+00
-2.704527139663696289e+00
-2.533765316009521484e+00
-2.062077760696411133e+00
-2.070949077606201172e+00
-2.650165081024169922e+00
-3.017225265502929688e+00
-2.662749290466308594e+00
-5.799854993820190430e-01
-2.730583667755126953e+00
-2.394355297088623047e+00
-2.102308750152587891e+00
2.788722515106201172e-03
-3.584559440612792969e+00
5.323642253875732422e+00
-2.049675464630126953e+00
-3.560791492462158203e+00
-2.351773977279663086e+00
-2.426387310028076172e+00
-2.465103149414062500e+00
-2.639422416687011719e+00
-2.771975994110107422e+00
-2.347235441207885742e+00
-2.374084949493408203e+00
-1.568197131156921387e+00
-2.534843683242797852e+00
-3.491233825683593750e+00
-2.819264173507690430e+00
-3.375098228454589844e+00
-2.698505163192749023e+00
-2.696736574172973633e+00
-1.909961223602294922e+00
-3.089053869247436523e+00
-2.745053291320800781e+00
-1.855808973312377930e+00
-2.722645759582519531e+00
-1.513155579566955566e+00
-2.289340496063232422e+00
-2.162837505340576172e+00
-2.868156433105468750e+00
3.975209295749664307e-01
-3.280625820159912109e+00
-2.496603488922119141e+00
-2.874799728393554688e+00
-2.081375598907470703e+00
-2.593628406524658203e+00
4.386675834655761719e+00
-2.160409450531005859e+00
-3.480317831039428711e+00
-2.317555904388427734e+00
-2.261244773864746094e+00
-2.974739789962768555e+00
-3.257676601409912109e+00
-2.325021028518676758e+00
-2.823134660720825195e+00
-2.768951892852783203e+00
-2.325012445449829102e+00
-2.330940961837768555e+00
-2.481316566467285156e+00
