-1.118719100952148438e+00
2.216561794281005859e+00
-1.151210665702819824e+00
-8.088806271553039551e-02
3.030488193035125732e-01
2.762522995471954346e-01
1.762904882431030273e+00
2.601144075393676758e+00
-1.225104928016662598e-02
-5.690759420394897461e-01
-1.869241595268249512e-01
2.443283796310424805e+00
1.092423200607299805e+00
1.888981103897094727e+00
2.442911386489868164e+00
6.448382139205932617e-01
-1.013029098510742188e+00
6.793693900108337402e-01
-1.690433502197265625e+00
5.702449083328247070e-01
1.468230247497558594e+00
1.146831274032592773e+00
-4.282617270946502686e-01
-4.592807888984680176e-01
9.377237558364868164e-01
-9.794332981109619141e-01
3.133979141712188721e-01
-8.141270875930786133e-01
-5.256559848785400391e-01
4.650015354156494141e+00
4.879859089851379395e-01
-3.840681314468383789e-01
2.768793582916259766e+00
-1.610915660858154297e+00
-1.831001639366149902e+00
1.001891732215881348e+00
7.844795584678649902e-01
-6.028478145599365234e-01
1.678615927696228027e+00
-1.208455204963684082e+00
2.429237604141235352e+00
2.229386091232299805e+00
-1.960803270339965820e-01
-2.233705043792724609e+00
-1.296028256416320801e+00
-1.968301057815551758e+00
-1.811305046081542969e+00
1.354082822799682617e+00
3.024032592773437500e+00
2.771589159965515137e-02
2.185248374938964844e+00
-1.424053311347961426e+00
-4.450483322143554688e+00
-1.664500594139099121e+00
1.140923976898193359e+00
-2.781165242195129395e-01
1.866075754165649414e+00
-1.319549083709716797e+00
-7.533867657184600830e-02
-1.904607415199279785e+00
-1.062129735946655273e-01
2.625341892242431641e+00
1.022538542747497559e+00
1.893604755401611328e+00
-1.584942340850830078e+00
-7.789447307586669922e-01
-3.359637260437011719e-01
6.623598933219909668e-01
-1.583377957344055176e+00
2.908182621002197266e+00
1.897235870361328125e+00
-4.144658148288726807e-01
-1.022246181964874268e-01
-9.066526889801025391e-01
9.581928849220275879e-01
1.132218718528747559e+00
7.494884729385375977e-01
1.010354518890380859e+00
1.940019369125366211e+00
1.533913612365722656e+00
-9.508575201034545898e-01
1.065984368324279785e+00
1.812644720077514648e+00
-6.584923863410949707e-01
1.789473772048950195e+00
1.761664748191833496e+00
-6.316657066345214844e-01
-9.683340191841125488e-01
5.608096122741699219e-01
2.106749057769775391e+00
4.569010436534881592e-02
2.414327621459960938e+00
2.219328403472900391e+00
6.991091966629028320e-01
3.560781478881835938e-04
-1.053555727005004883e+00
-1.626219391822814941e+00
-2.247418165206909180e+00
2.973459959030151367e-01
-7.661108970642089844e-01
1.736686229705810547e+00
-9.370197057723999023e-01
2.875804424285888672e+00
-1.169650435447692871e+00
-1.575176864862442017e-01
-1.045954972505569458e-01
1.004430770874023438e+00
1.964652776718139648e+00
-1.952828049659729004e+00
-2.251999855041503906e+00
-3.265468120574951172e+00
-1.800453901290893555e+00
-2.455065011978149414e+00
-1.086299419403076172e+00
-2.757934808731079102e+00
-2.666755676269531250e+00
-2.389937162399291992e+00
-2.666329383850097656e+00
-2.524215698242187500e+00
-1.977343082427978516e+00
-2.985304832458496094e+00
-3.245405435562133789e+00
-1.959807157516479492e+00
-2.766151428222656250e+00
-2.657866477966308594e+00
-2.268810033798217773e+00
-2.662341117858886719e+00
-2.882443666458129883e+00
-1.774743795394897461e+00
-1.889917373657226562e+00
-2.340378046035766602e+00
-2.208119869232177734e+00
-2.184084415435791016e+00
-2.503482580184936523e+00
-2.668054580688476562e+00
-2.705048799514770508e+00
-2.076695919036865234e+00
-2.298981189727783203e+00
-2.859926700592041016e+00
-2.870543241500854492e+00
-2.280551195144653320e+00
-2.372301578521728516e+00
-2.647803068161010742e+00
-2.032536506652832031e+00
-4.343826174736022949e-01
-2.744189739227294922e+00
-2.574088096618652344e+00
-2.847636461257934570e+00
1.896011829376220703e+00
-2.430351257324218750e+00
-2.289754390716552734e+00
-2.170533657073974609e+00
-2.182615280151367188e+00
-2.547100543975830078e+00
-2.031207799911499023e+00
-2.602851629257202148e+00
-2.040929794311523438e+00
-2.304121017456054688e+00
-2.475924491882324219e+00
-2.146439075469970703e+00
-2.144146203994750977e+00
-2.241969585418701172e+00
-2.575545787811279297e+00
-1.971172571182250977e+00
-3.114662170410156250e+00
-8.671476840972900391e-01
-3.105803489685058594e+00
-2.403957843780517578e+00
-2.345802068710327148e+00
-2.363054037094116211e+00
-2.495304822921752930e+00
-1.749039411544799805e+00
-2.038390159606933594e+00
-2.923731327056884766e+00
-2.151810169219970703e+00
-2.686331272125244141e+00
-2.734828948974609375e+00
-3.209431171417236328e+00
-2.150432109832763672e+00
-1.960812807083129883e+00
-1.769264459609985352e+00
-2.491113185882568359e+00
-2.727338790893554688e+00
-2.552524566650390625e+00
-2.461677312850952148e+00
-2.699167728424072266e+00
1.746527194976806641e+00
-2.215607643127441406e+00
-1.060287117958068848e+00
-1.905810594558715820e+00
-2.398096084594726562e+00
6.144169807434082031e+00
-2.782712936401367188e+00
-2.440677404403686523e+00
4.483955383300781250e+00
1.949499011039733887e+00
2.356284141540527344e+00
4.100551605224609375e+00
1.788423061370849609e+00
4.030526638031005859e+00
4.953440666198730469e+00
1.090725779533386230e+00
1.358546257019042969e+00
3.291642904281616211e+00
3.272388935089111328e+00
1.912901163101196289e+00
1.782738208770751953e+00
3.213750839233398438e+00
9.054557681083679199e-01
9.750080704689025879e-01
6.331844329833984375e-01
5.137793540954589844e+00
1.643444299697875977e+00
2.809153556823730469e+00
1.758702993392944336e+00
1.418592691421508789e+00
1.325562119483947754e+00
1.326359868049621582e+00
8.775712847709655762e-01
1.638233900070190430e+00
2.959708213806152344e+00
8.061244487762451172e-01
1.320523381233215332e+00
3.995965242385864258e+00
4.174805164337158203e+00
1.063246726989746094e+00
1.197756409645080566e+00
4.754543304443359375e+00
1.533992171287536621e+00
1.661182641983032227e+00
2.484081983566284180e+00
1.164552569389343262e+00
1.337107658386230469e+00
1.207546949386596680e+00
5.096192836761474609e+00
1.325524091720581055e+00
4.290453433990478516e+00
1.125951528549194336e+00
4.112063407897949219e+00
1.721138715744018555e+00
2.067160844802856445e+00
3.139496803283691406e+00
4.090881347656250000e+00
2.824883222579956055e+00
3.677051067352294922e+00
4.686637878417968750e+00
1.727447032928466797e+00
2.071444034576416016e+00
4.368525028228759766e+00
4.085445404052734375e+00
1.042718410491943359e+00
1.134227156639099121e+00
4.806729316711425781e+00
9.893908500671386719e-01
1.000118255615234375e+00
5.503175854682922363e-01
1.257517933845520020e+00
2.755166292190551758e+00
4.980689048767089844e+00
3.822536945343017578e+00
3.729769706726074219e+00
4.111435890197753906e+00
1.785059809684753418e+00
1.603514671325683594e+00
1.143745183944702148e+00
1.568511605262756348e+00
1.522753119468688965e+00
4.214179992675781250e+00
2.791754484176635742e+00
4.526175022125244141e+00
1.283070921897888184e+00
1.763681650161743164e+00
1.237607955932617188e+00
4.285221099853515625e+00
4.866846561431884766e+00
3.862515091896057129e-01
4.044940948486328125e+00
1.831827402114868164e+00
4.856890678405761719e+00
1.820324540138244629e+00
4.364967346191406250e+00
1.535857558250427246e+00
3.378844738006591797e+00
1.110896587371826172e+00
2.329767227172851562e+00
4.039809226989746094e+00
9.335654973983764648e-01
1.350043296813964844e+00
4.923973560333251953e+00
3.920887947082519531e+00
3.377753496170043945e+00
7.061614990234375000e-01
6.621125936508178711e-01
4.827787876129150391e-01
3.399427652359008789e+00
5.482624769210815430e-01
4.394633293151855469e+00
8.922920823097229004e-01
4.505106449127197266e+00
6.069741845130920410e-01
1.822896361351013184e+00
1.248880624771118164e+00
3.240122556686401367e+00
9.405856132507324219e-01
2.524436414241790771e-01
6.183366179466247559e-01
1.499169111251831055e+00
1.525652050971984863e+00
8.660815954208374023e-01
3.098193168640136719e+00
3.869114875793457031e+00
4.130362033843994141e+00
5.707699656486511230e-01
1.780077934265136719e+00
1.029953122138977051e+00
4.130891799926757812e+00
4.526183903217315674e-01
2.987531661987304688e+00
4.342034339904785156e+00
9.032113552093505859e-01
1.502501726150512695e+00
3.998702526092529297e+00
1.549914479255676270e+00
1.045537233352661133e+00
1.554755449295043945e+00
4.195456981658935547e+00
1.528925180435180664e+00
5.040558815002441406e+00
3.561048984527587891e+00
9.657305479049682617e-01
9.059048891067504883e-01
4.017487525939941406e+00
3.850946903228759766e+00
4.786660194396972656e+00
4.274439334869384766e+00
4.258491039276123047e+00
4.412188529968261719e+00
1.278659939765930176e+00
8.372776508331298828e-01
3.181189060211181641e+00
4.519180297851562500e+00
1.063077211380004883e+00
7.691679000854492188e-01
2.568303108215332031e+00
1.581708073616027832e+00
1.475142836570739746e+00
1.295341968536376953e+00
7.431137561798095703e-01
8.287605047225952148e-01
1.498309612274169922e+00
6.149986386299133301e-01
7.798657417297363281e-01
9.226404428482055664e-01
-1.151932403445243835e-01
1.918478965759277344e+00
1.252222776412963867e+00
3.190998554229736328e+00
3.854006052017211914e+00
1.667826890945434570e+00
5.463177680969238281e+00
9.510249495506286621e-01
1.275760054588317871e+00
1.634409427642822266e+00
2.457103729248046875e+00
1.216118812561035156e+00
2.232122421264648438e+00
1.504130244255065918e+00
3.683688640594482422e+00
1.255544900894165039e+00
4.194468498229980469e+00
3.690466403961181641e+00
1.208395004272460938e+00
1.535442471504211426e+00
1.913372039794921875e+00
1.417416214942932129e+00
3.099893093109130859e+00
3.969133377075195312e+00
1.284347414970397949e+00
1.034983992576599121e+00
2.818749427795410156e+00
2.462774753570556641e+00
1.729242324829101562e+00
1.226465702056884766e+00
4.083618164062500000e+00
1.826472401618957520e+00
2.270923852920532227e+00
5.066525936126708984e-02
2.025017261505126953e+00
3.864649057388305664e+00
1.116659879684448242e+00
8.064639568328857422e-01
1.405664443969726562e+00
1.888412237167358398e+00
1.497757673263549805e+00
1.164160847663879395e+00
1.648125886917114258e+00
4.276987075805664062e+00
5.841053724288940430e-01
1.152248382568359375e+00
2.170945882797241211e+00
3.254319190979003906e+00
7.749658823013305664e-01
3.408382654190063477e+00
1.782185554504394531e+00
3.321002721786499023e+00
3.723951101303100586e+00
1.484388351440429688e+00
2.019385099411010742e+00
1.292950391769409180e+00
4.185825347900390625e+00
8.441036939620971680e-01
1.313482522964477539e+00
4.988328456878662109e+00
3.683956623077392578e+00
1.435290455818176270e+00
1.578277230262756348e+00
-5.053718090057373047e-01
-2.445969879627227783e-01
-9.300419092178344727e-01
-1.599444448947906494e-01
1.284480333328247070e+00
3.936794757843017578e+00
-1.534572243690490723e+00
3.439275264739990234e+00
1.852620244026184082e+00
1.403495669364929199e+00
-5.574563145637512207e-02
1.620145797729492188e+00
-7.917388081550598145e-01
-8.952498435974121094e-01
3.782483339309692383e+00
1.243272066116333008e+00
-1.468008279800415039e+00
1.269196271896362305e+00
-9.304451346397399902e-01
1.643929481506347656e+00
-1.530886650085449219e+00
3.626847267150878906e+00
3.622980117797851562e+00
-7.415597438812255859e-01
3.398428916931152344e+00
-1.250155806541442871e+00
-2.519544064998626709e-01
-5.741852521896362305e-01
-9.467573761940002441e-01
-6.083251237869262695e-01
1.440840363502502441e+00
3.568042755126953125e+00
-1.483126878738403320e+00
-6.479418277740478516e-01
3.799975395202636719e+00
-5.977954864501953125e-01
-1.218135237693786621e+00
4.035902976989746094e+00
1.053355336189270020e+00
-1.050072550773620605e+00
1.008634567260742188e+00
9.697508811950683594e-01
-4.946636259555816650e-01
-1.279512643814086914e+00
2.264019012451171875e+00
-1.181367039680480957e+00
1.811167478561401367e+00
1.341925144195556641e+00
-6.650546193122863770e-01
-1.033670544624328613e+00
-2.977853417396545410e-01
-5.372717976570129395e-01
3.076060414314270020e-01
1.736711502075195312e+00
1.391804456710815430e+00
5.081540346145629883e-02
8.786158561706542969e-01
-1.081379771232604980e+00
-8.619882464408874512e-01
-1.352308630943298340e+00
-3.369997143745422363e-01
-4.642499983310699463e-01
-2.468203306198120117e-01
6.165001392364501953e-01
-3.398907780647277832e-01
2.877521991729736328e+00
2.488560229539871216e-01
-3.426277041435241699e-01
1.142066478729248047e+00
3.924311399459838867e+00
1.226543903350830078e+00
-2.267259657382965088e-01
-5.475844144821166992e-01
1.468328475952148438e+00
-7.172603607177734375e-01
-6.722756624221801758e-01
-6.315782666206359863e-01
-1.098516106605529785e+00
-5.621232390403747559e-01
-2.844317436218261719e+00
4.827010154724121094e+00
-8.094635009765625000e-01
-8.183590769767761230e-01
-7.451145052909851074e-01
1.072691917419433594e+00
-6.306632161140441895e-01
1.380950093269348145e+00
-8.774408698081970215e-02
1.560764074325561523e+00
9.857518076896667480e-01
-6.131813526153564453e-01
2.168281078338623047e+00
1.441989898681640625e+00
-8.353309035301208496e-01
1.404120445251464844e+00
-2.797530889511108398e-01
-8.305290937423706055e-01
1.601218938827514648e+00
-2.446377038955688477e+00
1.616277575492858887e+00
-2.322061955928802490e-01
-3.506317734718322754e-01
-3.633865416049957275e-01
-2.364910364151000977e+00
-1.242262840270996094e+00
-3.648042082786560059e-01
6.641028523445129395e-01
-3.132384300231933594e+00
-9.186128377914428711e-01
-8.161268234252929688e-01
1.399117350578308105e+00
-3.674893617630004883e+00
-3.251838982105255127e-01
-5.615485310554504395e-01
1.005179286003112793e+00
-3.534465432167053223e-01
1.085506439208984375e+00
-1.595618367195129395e+00
3.996339797973632812e+00
1.462146997451782227e+00
1.906227827072143555e+00
3.867327690124511719e+00
-7.237435579299926758e-01
1.594808459281921387e+00
1.249728679656982422e+00
-8.560251593589782715e-01
-2.863808155059814453e+00
-1.319113016128540039e+00
2.053296327590942383e+00
1.398737907409667969e+00
-1.958596825599670410e+00
-4.929276108741760254e-01
8.883717656135559082e-01
3.221077919006347656e-01
3.966728687286376953e+00
1.533224582672119141e+00
-2.726645767688751221e-01
-8.240597248077392578e-01
-2.328727096319198608e-01
1.477232694625854492e+00
9.532239437103271484e-01
-1.353364109992980957e+00
-8.300606608390808105e-01
1.677977085113525391e+00
-1.207947254180908203e+00
1.187729120254516602e+00
1.276773810386657715e+00
3.981156349182128906e+00
-4.648371636867523193e-01
-1.182785630226135254e+00
-7.452113628387451172e-01
-1.179484963417053223e+00
1.295524120330810547e+00
-1.150322407484054565e-01
-4.741546511650085449e-01
3.094566822052001953e+00
3.974417924880981445e+00
-1.913964271545410156e+00
-1.025184631347656250e+00
-4.413235783576965332e-01
-4.287097752094268799e-01
1.573726177215576172e+00
-7.931986451148986816e-01
-5.718273520469665527e-01
1.262906789779663086e+00
-2.001890659332275391e+00
1.494126677513122559e+00
1.904663443565368652e-01
1.605992794036865234e+00
1.226649761199951172e+00
1.092784166336059570e+00
1.367225527763366699e+00
1.494946956634521484e+00
-2.043235778808593750e+00
-1.668276071548461914e+00
-7.841973900794982910e-01
1.880861997604370117e+00
2.435168504714965820e+00
-5.519701838493347168e-01
-4.475844502449035645e-01
-6.212185621261596680e-01
-4.802981615066528320e-01
-2.918663322925567627e-01
1.468428611755371094e+00
2.091514348983764648e+00
1.400685310363769531e+00
4.221423149108886719e+00
2.045804023742675781e+00
1.473851323127746582e+00
-8.760248422622680664e-01
-5.517575144767761230e-01
-9.317243695259094238e-01
1.019097924232482910e+00
1.629696011543273926e+00
1.425883173942565918e-01
-6.325100660324096680e-01
1.264301538467407227e-01
8.095127940177917480e-01
-4.930954575538635254e-01
1.654403448104858398e+00
-7.461220622062683105e-01
2.113901138305664062e+00
-5.846873521804809570e-01
-7.163078784942626953e-01
-3.319629728794097900e-01
1.223117470741271973e+00
-2.030087471008300781e+00
-1.334439992904663086e+00
4.178108215332031250e+00
-9.634941220283508301e-01
4.254352569580078125e+00
1.072080135345458984e+00
1.878886103630065918e+00
-2.978548526763916016e+00
-6.217150092124938965e-01
3.630851745605468750e+00
-3.711065053939819336e-01
-9.656502604484558105e-01
-1.241448998451232910e+00
1.424018502235412598e+00
-5.286870002746582031e-01
-2.074364423751831055e+00
2.802729129791259766e+00
-5.582404732704162598e-01
4.741065025329589844e+00
1.368519425392150879e+00
-3.383631408214569092e-01
-8.701058477163314819e-02
1.573063850402832031e+00
-6.311644315719604492e-01
-2.399091720581054688e+00
-2.245182096958160400e-01
-3.576400876045227051e-01
-1.321078300476074219e+00
-2.303015813231468201e-02
1.439432501792907715e+00
1.621338725090026855e-02
-1.945511579513549805e+00
2.441841363906860352e+00
9.427243471145629883e-01
4.847262859344482422e+00
2.431014537811279297e+00
-1.199378013610839844e+00
9.304784536361694336e-01
-7.498656511306762695e-01
9.610874056816101074e-01
-4.319647550582885742e-01
-6.571483016014099121e-01
1.408380389213562012e+00
1.130239725112915039e+00
1.262352943420410156e+00
-3.176791965961456299e-01
-4.253060817718505859e-01
4.162184715270996094e+00
-3.548758625984191895e-01
1.147598266601562500e+00
-1.547895371913909912e-01
-5.994898676872253418e-01
4.832094192504882812e+00
-1.779026269912719727e+00
-4.349950551986694336e-01
1.604506731033325195e+00
2.177581071853637695e+00
-2.129375934600830078e-03
-7.614483833312988281e-01
1.633055210113525391e+00
5.753535628318786621e-01
1.486044883728027344e+00
1.695707321166992188e+00
4.101597070693969727e-01
-1.178528904914855957e+00
-1.047054052352905273e+00
4.262541294097900391e+00
1.315892934799194336e+00
1.766602993011474609e+00
-8.835269212722778320e-01
-2.566587209701538086e+00
5.064439773559570312e+00
1.430855989456176758e+00
1.131163954734802246e+00
-1.412578582763671875e+00
-4.742813706398010254e-01
1.634133100509643555e+00
4.898804187774658203e+00
2.051437139511108398e+00
-3.947744667530059814e-01
-6.394513845443725586e-01
-7.281557321548461914e-01
1.527203798294067383e+00
1.084944605827331543e+00
1.428385734558105469e+00
1.491202592849731445e+00
1.027417898178100586e+00
4.506482601165771484e+00
-5.929632186889648438e-01
-4.084687530994415283e-01
1.282088994979858398e+00
-2.811153888702392578e+00
9.379440546035766602e-01
1.393283724784851074e+00
3.424396514892578125e+00
1.753879547119140625e+00
-2.750056982040405273e-01
-3.591055870056152344e-01
4.462996482849121094e+00
9.746286869049072266e-01
-3.305406570434570312e+00
-5.756270885467529297e-01
1.736761331558227539e+00
-2.497575879096984863e-01
-5.556584596633911133e-01
9.583899974822998047e-01
-4.535519480705261230e-01
1.323552727699279785e+00
1.517640829086303711e+00
5.068954944610595703e+00
-1.457204103469848633e+00
3.873247146606445312e+00
4.589196205139160156e+00
6.389138698577880859e-01
-7.856202125549316406e-01
-1.002392053604125977e+00
-2.296118021011352539e+00
2.014664649963378906e+00
4.280212402343750000e+00
-1.512557119131088257e-01
1.339687585830688477e+00
1.209034442901611328e+00
-3.259051799774169922e+00
-8.785018324851989746e-02
8.440087437629699707e-01
-4.360290765762329102e-01
-1.153319627046585083e-01
-7.930542826652526855e-01
4.917782783508300781e+00
-9.622207880020141602e-01
1.522255539894104004e+00
2.705334424972534180e+00
4.315824985504150391e+00
3.813888132572174072e-01
-1.008721113204956055e+00
1.085984587669372559e+00
-3.834754228591918945e-01
-3.496500253677368164e-01
2.044228076934814453e+00
1.753237128257751465e+00
-1.482185006141662598e+00
-9.813684821128845215e-01
-7.420189380645751953e-01
-7.159554958343505859e-02
1.491282582283020020e+00
-4.656471014022827148e-01
1.800263881683349609e+00
-3.785452842712402344e-01
1.011775016784667969e+00
4.203525543212890625e+00
-2.190525233745574951e-01
-4.035184979438781738e-01
-3.385280072689056396e-01
-9.055954813957214355e-01
-5.460841655731201172e-01
-3.395813107490539551e-01
3.967625856399536133e+00
1.312183260917663574e+00
1.235864639282226562e+00
-2.687453031539916992e-01
-5.727473497390747070e-01
-9.674775600433349609e-01
9.107385873794555664e-01
8.715589344501495361e-02
9.776341915130615234e-02
9.123628735542297363e-01
1.466383934020996094e+00
1.114857435226440430e+00
-3.085084676742553711e+00
-1.584780812263488770e-01
1.155692458152770996e+00
1.836414337158203125e+00
-6.004320979118347168e-01
8.952049612998962402e-01
-3.452836573123931885e-01
-5.608286857604980469e-01
-2.264372110366821289e+00
-2.597522258758544922e+00
-7.296774983406066895e-01
-5.094228386878967285e-01
1.175410747528076172e+00
-1.188954710960388184e+00
-8.962893486022949219e-01
1.378001272678375244e-02
1.197910308837890625e+00
-6.231635212898254395e-01
3.156111717224121094e+00
1.115081548690795898e+00
-8.917099237442016602e-01
8.883807063102722168e-01
-7.301701307296752930e-01
-1.169062256813049316e+00
-3.098345994949340820e-01
-3.116493821144104004e-01
9.696940183639526367e-01
1.145380064845085144e-01
-8.302526473999023438e-01
7.326522469520568848e-01
6.972408294677734375e-01
1.749651074409484863e+00
-2.045696675777435303e-01
2.487952709197998047e+00
1.945795714855194092e-01
5.483388900756835938e-01
-1.378093004226684570e+00
-9.037614464759826660e-01
1.032354831695556641e+00
1.620480537414550781e+00
1.161861300468444824e+00
-5.717189311981201172e-01
2.929198265075683594e+00
-3.492020964622497559e-01
1.153070688247680664e+00
1.230194211006164551e+00
4.426262080669403076e-01
2.260805070400238037e-01
-1.793954372406005859e+00
-3.630014359951019287e-01
-1.204264163970947266e+00
-8.846369385719299316e-01
1.286026477813720703e+00
-1.355745434761047363e+00
4.703045845031738281e+00
1.254616856575012207e+00
-8.504689335823059082e-01
3.469107747077941895e-01
1.670177459716796875e+00
1.392499923706054688e+00
3.129962682723999023e-01
8.105287551879882812e-01
-1.180642604827880859e+00
-1.264650702476501465e+00
-4.481694102287292480e-02
-6.587569713592529297e-01
-1.220233738422393799e-02
-5.809725522994995117e-01
-1.935378193855285645e+00
-8.485645651817321777e-01
1.358308792114257812e+00
-6.269139051437377930e-01
1.321045458316802979e-01
-1.698739290237426758e+00
-1.725884556770324707e+00
-1.133917808532714844e+00
-6.250069737434387207e-01
-1.729243755340576172e+00
-9.951555728912353516e-01
-1.143163800239562988e+00
-2.090865373611450195e+00
3.915072977542877197e-01
1.555813848972320557e-02
1.573304891586303711e+00
4.871002674102783203e+00
-1.029195547103881836e+00
-2.933957278728485107e-01
-2.873840332031250000e+00
4.482704162597656250e+00
-6.448332965373992920e-02
2.214845418930053711e+00
1.226939439773559570e+00
-6.891348958015441895e-01
2.105943202972412109e+00
-4.943542480468750000e-01
3.884943962097167969e+00
-7.189073562622070312e-01
-1.494640350341796875e+00
-6.597467660903930664e-01
-5.445106625556945801e-01
-4.968193769454956055e-01
3.022118091583251953e+00
-6.783944964408874512e-01
-4.427160322666168213e-01
5.079497814178466797e+00
1.321045637130737305e+00
-7.381281256675720215e-01
-6.169591546058654785e-01
-3.336992859840393066e-01
-3.567728996276855469e+00
-2.591312646865844727e+00
-9.807994365692138672e-01
-4.208021163940429688e-01
-3.483330249786376953e+00
3.852866649627685547e+00
-4.654264748096466064e-01
-4.635613560676574707e-01
3.951532363891601562e+00
1.273189067840576172e+00
-1.167799949645996094e+00
-7.905195951461791992e-01
5.572726726531982422e-01
1.597202062606811523e+00
2.898245155811309814e-01
-5.640422105789184570e-01
-6.506753563880920410e-01
-2.181756019592285156e+00
-2.769079446792602539e+00
-7.970623970031738281e-01
-8.646050691604614258e-01
1.565478563308715820e+00
-8.866215944290161133e-01
-1.300070524215698242e+00
-1.859097957611083984e+00
-1.762256264686584473e+00
-1.035675287246704102e+00
-6.441451311111450195e-01
4.529094696044921875e+00
-4.860886931419372559e-01
1.116623640060424805e+00
-7.602511644363403320e-01
1.074140787124633789e+00
-1.954003214836120605e+00
-4.327162504196166992e-01
4.687692642211914062e+00
-4.343762099742889404e-01
4.219711780548095703e+00
-2.641790390014648438e+00
6.096214294433593750e+00
-3.064620018005371094e+00
-8.294590711593627930e-01
-3.594496250152587891e-01
4.389488220214843750e+00
-1.491896390914916992e+00
-1.838459014892578125e+00
2.995785236358642578e+00
2.574985742568969727e+00
-5.148838162422180176e-01
-1.613349616527557373e-01
-2.376342415809631348e-01
1.503681182861328125e+00
-3.122137784957885742e+00
1.490061879158020020e+00
-8.011078834533691406e-01
-1.934860348701477051e+00
1.159128427505493164e+00
-4.413451999425888062e-02
1.208321571350097656e+00
1.854339361190795898e+00
-1.592957496643066406e+00
4.599298477172851562e+00
-6.024704575538635254e-01
7.277003526687622070e-01
-1.954864263534545898e-01
-7.152740955352783203e-01
1.361925363540649414e+00
2.015281617641448975e-01
1.064602851867675781e+00
-5.399192571640014648e-01
1.473987936973571777e+00
-2.949527502059936523e-01
-1.057454109191894531e+00
3.652549743652343750e+00
8.665197491645812988e-01
-7.593252658843994141e-01
1.550082564353942871e+00
-5.988654494285583496e-01
-2.323191642761230469e+00
-5.915229916572570801e-01
7.811644077301025391e-01
1.866540193557739258e+00
-1.912500858306884766e-01
-9.054086208343505859e-01
3.941997289657592773e+00
-2.357968330383300781e+00
-8.596979379653930664e-01
1.271805524826049805e+00
3.688821554183959961e+00
1.313314676284790039e+00
2.180754423141479492e+00
1.651021599769592285e+00
2.704480171203613281e+00
1.460132837295532227e+00
-7.584344148635864258e-01
3.579610586166381836e-01
-1.056712150573730469e+00
1.448596358299255371e+00
7.259202003479003906e-02
-3.833349645137786865e-01
4.946512222290039062e+00
-4.535630941390991211e-01
3.305313110351562500e+00
-1.230563446879386902e-01
1.419396400451660156e+00
1.290912628173828125e+00
-8.343654870986938477e-01
-7.311425805091857910e-01
1.041898965835571289e+00
4.883458614349365234e+00
8.815565705299377441e-01
2.003709077835083008e+00
1.513635396957397461e+00
1.192823171615600586e+00
-7.772240638732910156e-01
1.078662276268005371e+00
3.806509971618652344e+00
-3.195114433765411377e-01
-1.300397157669067383e+00
-1.972215414047241211e+00
-1.045312643051147461e+00
1.812016129493713379e+00
-1.961332708597183228e-01
-1.191238313913345337e-01
4.364133834838867188e+00
1.125496506690979004e+00
-4.042263925075531006e-01
-2.628579616546630859e+00
5.744841694831848145e-01
-1.942111998796463013e-01
5.061134338378906250e+00
1.196372628211975098e+00
-1.076684951782226562e+00
-1.023463249206542969e+00
-6.995649337768554688e-01
1.641557097434997559e+00
-2.337536573410034180e+00
1.147310435771942139e-01
-9.046765565872192383e-01
-1.068884611129760742e+00
1.516141772270202637e+00
-5.167268514633178711e-01
-2.749551296234130859e+00
-4.257281720638275146e-01
1.739938259124755859e+00
1.251345992088317871e+00
-6.187586784362792969e-01
-1.301546096801757812e+00
-6.675169467926025391e-01
1.056682705879211426e+00
1.824701070785522461e+00
4.595283031463623047e+00
9.407486021518707275e-02
1.487008452415466309e+00
1.842655539512634277e+00
5.286794900894165039e-02
1.388883352279663086e+00
-5.535221695899963379e-01
7.629486322402954102e-01
-6.635202765464782715e-01
4.410834312438964844e+00
-9.838085174560546875e-01
1.458446860313415527e+00
-8.053644895553588867e-01
-3.458048701286315918e-01
7.545517086982727051e-01
-1.887875080108642578e+00
-8.985282778739929199e-01
-2.445939540863037109e+00
-2.644983291625976562e+00
-2.658152341842651367e+00
-2.488497257232666016e+00
-2.459877014160156250e+00
-2.160801410675048828e+00
-2.038861989974975586e+00
-3.247670650482177734e+00
-3.027225017547607422e+00
-2.424815177917480469e+00
-2.436491250991821289e+00
-2.100266933441162109e+00
-3.078141450881958008e+00
-2.042600631713867188e+00
-2.275223731994628906e+00
-2.853823900222778320e+00
-1.958528518676757812e+00
-2.439076423645019531e+00
-2.492390871047973633e+00
-2.423205614089965820e+00
-2.754074573516845703e+00
-2.851467609405517578e+00
-2.808660984039306641e+00
-2.421584129333496094e+00
-2.712511062622070312e+00
-2.988688945770263672e+00
-2.719703435897827148e+00
-1.793024539947509766e+00
-3.029178142547607422e+00
-2.055702924728393555e+00
-3.241921186447143555e+00
-2.439944505691528320e+00
-2.246126413345336914e+00
-2.047201871871948242e+00
-2.765727519989013672e+00
-3.041046857833862305e+00
-2.360870838165283203e+00
-2.806347846984863281e+00
-2.459723234176635742e+00
-2.787520408630371094e+00
-2.053835630416870117e+00
-2.752832889556884766e+00
-1.637477397918701172e+00
-2.719525337219238281e+00
-2.471125602722167969e+00
-2.886471033096313477e+00
-3.125180482864379883e+00
-2.200989723205566406e+00
-2.174844980239868164e+00
-1.747817039489746094e+00
-2.006968736648559570e+00
-1.408224821090698242e+00
-2.451885461807250977e+00
-2.230452060699462891e+00
-2.583277225494384766e+00
-1.947232723236083984e+00
-3.053545713424682617e+00
-1.704594731330871582e+00
-2.686026096343994141e+00
-1.855018973350524902e+00
-1.788891077041625977e+00
-2.773546695709228516e+00
-2.074005365371704102e+00
-2.004987239837646484e+00
-1.546902418136596680e+00
-3.055425167083740234e+00
-2.435254573822021484e+00
-2.263728141784667969e+00
-2.403376102447509766e+00
2.960123538970947266e+00
-2.397328376770019531e+00
-2.113501310348510742e+00
-2.227318286895751953e+00
-3.078979015350341797e+00
-2.751396656036376953e+00
-1.172672867774963379e+00
-2.282056331634521484e+00
-2.282768249511718750e+00
-2.667822360992431641e+00
-2.671821355819702148e+00
-2.927158832550048828e+00
1.954282164573669434e+00
-2.246409177780151367e+00
-2.297017574310302734e+00
-1.861889958381652832e-01
-2.569406509399414062e+00
-2.447657823562622070e+00
-2.496946334838867188e+00
-2.104530811309814453e+00
-2.264366626739501953e+00
-1.767136812210083008e+00
-2.745036840438842773e+00
-3.390735149383544922e+00
5.568611621856689453e-01
-2.262609004974365234e+00
-1.859422445297241211e+00
-2.774140357971191406e+00
-1.791400194168090820e+00
-2.908994197845458984e+00
-2.229685783386230469e+00
-2.485787868499755859e+00
-2.515617132186889648e+00
-3.058580636978149414e+00
1.789949655532836914e+00
4.493047714233398438e+00
-2.726049184799194336e+00
-2.264302968978881836e+00
-2.394666433334350586e+00
-2.396031856536865234e+00
-2.113927364349365234e+00
-2.570758342742919922e+00
-2.622101306915283203e+00
-2.630681514739990234e+00
-2.689242839813232422e+00
-2.944518327713012695e+00
-1.525781631469726562e+00
-1.043706536293029785e+00
-9.846138954162597656e-01
-1.996276497840881348e+00
-2.334452867507934570e+00
-2.353198051452636719e+00
-2.099885225296020508e+00
1.812950611114501953e+00
-1.991459250450134277e+00
4.182822227478027344e+00
-1.619467139244079590e+00
-2.446172952651977539e+00
-2.541324615478515625e+00
2.361128091812133789e+00
1.361028790473937988e+00
-2.340622901916503906e+00
-2.947948694229125977e+00
5.366099357604980469e+00
-2.763592481613159180e+00
-3.121990203857421875e+00
5.970819592475891113e-01
-1.565170288085937500e+00
-2.818919181823730469e+00
-1.107569456100463867e+00
-1.751563549041748047e+00
-3.652979612350463867e+00
-1.483774781227111816e+00
-9.588500857353210449e-02
-3.991683959960937500e+00
-9.310424327850341797e-01
-7.505934238433837891e-01
-1.077418327331542969e+00
-1.484872579574584961e+00
-8.664800524711608887e-01
-2.448058605194091797e+00
-1.051418781280517578e+00
-2.358763456344604492e+00
-1.760167598724365234e+00
-1.141368150711059570e+00
-1.919933915138244629e+00
-1.378062605857849121e+00
-3.844154834747314453e+00
3.334591627120971680e+00
-1.584699630737304688e+00
-1.713592767715454102e+00
-1.555347800254821777e+00
-2.309325218200683594e+00
-2.220914602279663086e+00
-9.982381463050842285e-01
-1.958409667015075684e+00
-1.518861889839172363e+00
-1.084864854812622070e+00
-2.263698101043701172e+00
-1.704362392425537109e+00
-2.296613931655883789e+00
-2.703874588012695312e+00
-6.807692050933837891e-01
-1.589900732040405273e+00
-3.113168478012084961e+00
-2.418574571609497070e+00
-2.896283626556396484e+00
-1.847245931625366211e+00
-2.453006505966186523e+00
-2.580031156539916992e+00
-2.312381744384765625e+00
-3.160307884216308594e+00
-1.307626247406005859e+00
-2.351729869842529297e+00
-2.944180250167846680e+00
-2.246389865875244141e+00
-1.354882717132568359e+00
-3.410303354263305664e+00
-9.860057234764099121e-01
-1.312523007392883301e+00
-3.227789878845214844e+00
-1.334636092185974121e+00
-2.870902061462402344e+00
-1.632343053817749023e+00
-3.115548610687255859e+00
-1.832164764404296875e+00
-6.586472988128662109e-01
-2.777227163314819336e+00
-3.586050987243652344e+00
-2.140091657638549805e+00
-1.033106088638305664e+00
-2.911102771759033203e+00
-2.045612633228302002e-01
-1.019500851631164551e+00
-1.893559217453002930e+00
-2.244781494140625000e+00
-1.547851562500000000e+00
-2.853517770767211914e+00
-8.450247049331665039e-01
-1.787356615066528320e+00
-3.490301847457885742e+00
-8.054021596908569336e-01
-7.977924346923828125e-01
-2.578015327453613281e+00
-3.739426612854003906e+00
-8.986959457397460938e-01
-2.370060920715332031e+00
-2.507359027862548828e+00
-2.685348033905029297e+00
-1.421206831932067871e+00
-1.588941574096679688e+00
-1.370575547218322754e+00
-6.327412128448486328e-01
-2.317106723785400391e+00
-3.329389572143554688e+00
-1.936049580574035645e+00
-1.813602805137634277e+00
-1.651805400848388672e+00
-2.763695240020751953e+00
-1.256771564483642578e+00
-2.449105978012084961e+00
-2.863851785659790039e+00
-2.929956436157226562e+00
-6.108067035675048828e-01
-1.836375355720520020e+00
-2.852027177810668945e+00
-1.096597075462341309e+00
-3.018122911453247070e+00
-2.629479885101318359e+00
-1.114688038825988770e+00
-1.548957228660583496e+00
-2.814901351928710938e+00
-1.840313434600830078e+00
-1.764645576477050781e+00
-1.841196417808532715e+00
-1.454864501953125000e+00
-3.062538146972656250e+00
-1.899148225784301758e+00
-2.754978179931640625e+00
5.792033195495605469e+00
-3.230358600616455078e+00
-2.541662454605102539e+00
1.597328543663024902e+00
-2.312296390533447266e+00
-3.023161411285400391e+00
-2.781922101974487305e+00
-2.978991031646728516e+00
-2.621739625930786133e+00
-2.420765399932861328e+00
5.642642974853515625e+00
-2.309784889221191406e+00
-2.751777172088623047e+00
-2.460561990737915039e+00
-2.533115148544311523e+00
-2.486350536346435547e+00
-2.085840225219726562e+00
-2.010686397552490234e+00
-2.511223077774047852e+00
-2.952900171279907227e+00
-2.920176029205322266e+00
-4.919312000274658203e-01
-2.762505531311035156e+00
-2.566792011260986328e+00
-2.600022077560424805e+00
4.658238887786865234e-01
-3.016435146331787109e+00
6.137327671051025391e+00
-2.214557170867919922e+00
-3.096744537353515625e+00
-2.221470832824707031e+00
-2.337324142456054688e+00
-2.320623159408569336e+00
-2.249763011932373047e+00
-2.595104455947875977e+00
-2.233106136322021484e+00
-2.793653964996337891e+00
-1.588163495063781738e+00
-2.651651144027709961e+00
-2.980079412460327148e+00
-2.572380065917968750e+00
-2.870594501495361328e+00
-2.416746854782104492e+00
-3.147348165512084961e+00
-2.042263507843017578e+00
-2.804392337799072266e+00
-2.897985458374023438e+00
-1.978728413581848145e+00
-2.399189949035644531e+00
-2.064412593841552734e+00
-2.340434074401855469e+00
-2.259189367294311523e+00
-2.524006366729736328e+00
5.067973732948303223e-01
-3.010050296783447266e+00
-2.367296695709228516e+00
-2.409398794174194336e+00
-1.646062612533569336e+00
-2.616362810134887695e+00
3.760711669921875000e+00
-1.860017538070678711e+00
-3.117108821868896484e+00
-2.513676404953002930e+00
-1.592121124267578125e+00
-3.142434597015380859e+00
-2.753955125808715820e+00
-2.234391689300537109e+00
-2.817973613739013672e+00
-2.469842910766601562e+00
-2.299733161926269531e+00
-2.458935022354125977e+00
-2.227182388305664062e+00
