-8.910905122756958008e-01
2.446652650833129883e+00
-1.034028887748718262e+00
-9.942640364170074463e-02
3.191106319427490234e-01
4.224853813648223877e-01
1.964433908462524414e+00
2.671841859817504883e+00
3.354059457778930664e-01
-2.992509603500366211e-01
6.821185350418090820e-02
2.442698001861572266e+00
1.225928068161010742e+00
1.980591416358947754e+00
2.313918352127075195e+00
6.720661520957946777e-01
-1.063539743423461914e+00
1.130891442298889160e+00
-1.629268765449523926e+00
4.783732593059539795e-01
1.570574522018432617e+00
1.455307126045227051e+00
-7.202569246292114258e-01
2.561515569686889648e-02
1.024973034858703613e+00
-8.762662410736083984e-01
7.719051241874694824e-01
-7.632384300231933594e-01
9.938126802444458008e-02
4.539716243743896484e+00
9.508150219917297363e-01
-4.155171811580657959e-01
2.856931924819946289e+00
-1.178706407546997070e+00
-1.405159473419189453e+00
9.984900355339050293e-01
9.015099406242370605e-01
-1.226987838745117188e-01
1.753906726837158203e+00
-1.076791286468505859e+00
2.769473791122436523e+00
2.528884887695312500e+00
-1.526007354259490967e-01
-2.175989151000976562e+00
-8.616603612899780273e-01
-1.579750537872314453e+00
-1.832872390747070312e+00
1.465996503829956055e+00
3.213239908218383789e+00
-1.495617777109146118e-01
2.609351873397827148e+00
-1.200835466384887695e+00
-4.038929462432861328e+00
-1.458000898361206055e+00
1.188278436660766602e+00
-4.112043976783752441e-02
1.694305658340454102e+00
-1.415266275405883789e+00
1.656717956066131592e-01
-1.788448572158813477e+00
1.190657317638397217e-01
2.445995807647705078e+00
1.309396505355834961e+00
2.367778301239013672e+00
-1.285623788833618164e+00
-9.834581613540649414e-01
-5.447849631309509277e-03
5.929271578788757324e-01
-1.366113543510437012e+00
2.953963518142700195e+00
2.136723041534423828e+00
-5.702203512191772461e-01
4.533569514751434326e-02
-7.982191443443298340e-01
9.727686047554016113e-01
1.404032349586486816e+00
1.046507000923156738e+00
1.118783235549926758e+00
2.106427192687988281e+00
1.560018062591552734e+00
-8.893030881881713867e-01
8.047870397567749023e-01
1.979974985122680664e+00
-2.842664420604705811e-01
2.127157211303710938e+00
2.009381294250488281e+00
-4.498099386692047119e-01
-6.596767902374267578e-01
6.865379214286804199e-01
2.242075920104980469e+00
4.188525378704071045e-01
2.401910543441772461e+00
2.386970996856689453e+00
8.340773582458496094e-01
5.329209566116333008e-01
-6.009209156036376953e-01
-1.615044355392456055e+00
-1.844527125358581543e+00
6.855485439300537109e-01
-7.704293131828308105e-01
1.863846540451049805e+00
-6.121352314949035645e-01
2.961882114410400391e+00
-1.061888933181762695e+00
3.218864500522613525e-01
-1.076260209083557129e-02
1.101832985877990723e+00
1.968225240707397461e+00
-1.962375164031982422e+00
-2.138517379760742188e+00
-3.700389862060546875e+00
-1.965372204780578613e+00
-2.806820869445800781e+00
-9.363272190093994141e-01
-2.871883392333984375e+00
-2.930312633514404297e+00
-2.509732723236083984e+00
-2.699250698089599609e+00
-2.630311012268066406e+00
-1.932940959930419922e+00
-3.210142850875854492e+00
-3.150493621826171875e+00
-2.169673919677734375e+00
-2.543153524398803711e+00
-2.617609739303588867e+00
-2.174252271652221680e+00
-2.842055559158325195e+00
-3.275374889373779297e+00
-1.879368782043457031e+00
-2.019452095031738281e+00
-2.171953916549682617e+00
-2.200301885604858398e+00
-2.118054866790771484e+00
-2.560235500335693359e+00
-2.828490018844604492e+00
-2.993455886840820312e+00
-1.893780350685119629e+00
-2.074369907379150391e+00
-2.754204750061035156e+00
-2.523022651672363281e+00
-2.189067602157592773e+00
-2.415041446685791016e+00
-2.795400381088256836e+00
-2.263648986816406250e+00
-2.579739093780517578e-01
-2.823816299438476562e+00
-2.762895107269287109e+00
-2.841078042984008789e+00
2.055944919586181641e+00
-2.190144062042236328e+00
-2.345293521881103516e+00
-2.446590423583984375e+00
-1.829418540000915527e+00
-2.535744428634643555e+00
-2.133370637893676758e+00
-2.365834236145019531e+00
-2.264265537261962891e+00
-2.524708986282348633e+00
-2.417327165603637695e+00
-2.359331130981445312e+00
-2.014941215515136719e+00
-1.818859100341796875e+00
-2.164157390594482422e+00
-2.049972534179687500e+00
-3.509913682937622070e+00
-9.664967656135559082e-01
-2.985545873641967773e+00
-2.380781888961791992e+00
-2.307214736938476562e+00
-2.216217041015625000e+00
-2.454842090606689453e+00
-2.283235788345336914e+00
-1.785012483596801758e+00
-2.399091243743896484e+00
-2.116830825805664062e+00
-2.766823768615722656e+00
-2.672985076904296875e+00
-3.518647670745849609e+00
-2.217439174652099609e+00
-2.033971786499023438e+00
-1.919079780578613281e+00
-2.380815267562866211e+00
-2.836483478546142578e+00
-2.816698789596557617e+00
-2.340596675872802734e+00
-2.996279001235961914e+00
1.796489596366882324e+00
-2.147192001342773438e+00
-1.252907514572143555e+00
-2.056280136108398438e+00
-2.383725404739379883e+00
6.290901184082031250e+00
-2.733708143234252930e+00
-2.324086666107177734e+00
4.781175613403320312e+00
1.961719512939453125e+00
2.147322416305541992e+00
4.258860588073730469e+00
1.722158670425415039e+00
4.153079032897949219e+00
4.965974807739257812e+00
1.184954404830932617e+00
1.551530122756958008e+00
3.271063089370727539e+00
3.610537052154541016e+00
1.654691100120544434e+00
1.731518149375915527e+00
3.400685787200927734e+00
1.122387170791625977e+00
7.282079458236694336e-01
5.121631026268005371e-01
4.816215515136718750e+00
1.984014630317687988e+00
2.876961231231689453e+00
1.547619104385375977e+00
1.661845922470092773e+00
1.258164048194885254e+00
8.643288016319274902e-01
9.403159618377685547e-01
1.360086798667907715e+00
2.895340442657470703e+00
6.658527255058288574e-01
1.122365593910217285e+00
4.375638008117675781e+00
4.079927444458007812e+00
9.629635810852050781e-01
1.036772012710571289e+00
4.582835674285888672e+00
1.608751773834228516e+00
1.589693784713745117e+00
2.874673366546630859e+00
1.031315803527832031e+00
1.483871340751647949e+00
9.662187099456787109e-01
5.067317962646484375e+00
1.472705364227294922e+00
4.071819305419921875e+00
1.365436792373657227e+00
3.637950181961059570e+00
1.406086087226867676e+00
2.292860984802246094e+00
2.982692241668701172e+00
4.435421466827392578e+00
2.907212972640991211e+00
3.410497188568115234e+00
4.731439590454101562e+00
1.832624912261962891e+00
2.067060470581054688e+00
4.043578147888183594e+00
4.316418647766113281e+00
1.364080429077148438e+00
1.359423398971557617e+00
4.590850353240966797e+00
7.357016205787658691e-01
1.150890111923217773e+00
6.483588814735412598e-01
1.261022567749023438e+00
2.696631193161010742e+00
5.048656463623046875e+00
3.296568393707275391e+00
3.549094915390014648e+00
4.168044090270996094e+00
1.640969753265380859e+00
1.678064227104187012e+00
1.205884218215942383e+00
1.641878843307495117e+00
1.345689654350280762e+00
4.226701736450195312e+00
2.828948497772216797e+00
4.233879089355468750e+00
1.136557340621948242e+00
1.645803332328796387e+00
1.302057743072509766e+00
4.073630332946777344e+00
4.903969764709472656e+00
2.982583343982696533e-01
3.923477649688720703e+00
1.738238096237182617e+00
4.661141872406005859e+00
1.696780681610107422e+00
4.225990295410156250e+00
1.468887686729431152e+00
3.733070373535156250e+00
1.103251814842224121e+00
2.533233642578125000e+00
4.095161914825439453e+00
1.037659645080566406e+00
1.092067241668701172e+00
4.436738967895507812e+00
4.135591983795166016e+00
3.591968297958374023e+00
4.944154620170593262e-01
7.193220257759094238e-01
4.477569758892059326e-01
3.359748840332031250e+00
4.598367810249328613e-01
4.202198505401611328e+00
7.545816898345947266e-01
4.742044448852539062e+00
5.795245170593261719e-01
1.779828310012817383e+00
1.346006989479064941e+00
3.079668998718261719e+00
8.590930700302124023e-01
2.654556930065155029e-01
6.585537791252136230e-01
1.491709709167480469e+00
1.104160189628601074e+00
6.649247407913208008e-01
3.251658201217651367e+00
3.983584403991699219e+00
4.499284267425537109e+00
9.725970625877380371e-01
1.642848014831542969e+00
1.194610595703125000e+00
4.244465827941894531e+00
5.743194818496704102e-01
2.751620292663574219e+00
4.360578536987304688e+00
8.248897790908813477e-01
1.675105214118957520e+00
4.030850887298583984e+00
1.297573685646057129e+00
1.252495050430297852e+00
1.404212832450866699e+00
4.178631305694580078e+00
1.539772033691406250e+00
5.163600921630859375e+00
3.573756456375122070e+00
7.389191389083862305e-01
1.065160512924194336e+00
3.730412244796752930e+00
3.646355628967285156e+00
4.747615814208984375e+00
4.460374355316162109e+00
4.140684604644775391e+00
4.453955173492431641e+00
1.085438132286071777e+00
8.287301063537597656e-01
3.458413600921630859e+00
4.765049934387207031e+00
8.061579465866088867e-01
6.247389316558837891e-01
2.933285236358642578e+00
1.470850706100463867e+00
1.485319733619689941e+00
1.185216069221496582e+00
7.658667564392089844e-01
9.224969148635864258e-01
1.350241661071777344e+00
7.380843162536621094e-01
7.167549729347229004e-01
6.829655766487121582e-01
2.604041695594787598e-01
1.882060289382934570e+00
1.408846139907836914e+00
2.777743339538574219e+00
3.463862895965576172e+00
1.672031879425048828e+00
5.219839096069335938e+00
9.840869307518005371e-01
1.177247881889343262e+00
1.991190433502197266e+00
2.628779888153076172e+00
1.665466904640197754e+00
2.110574483871459961e+00
1.678520798683166504e+00
3.850563526153564453e+00
1.071689605712890625e+00
4.212272644042968750e+00
3.624079227447509766e+00
1.209087014198303223e+00
1.249325037002563477e+00
1.748606204986572266e+00
1.218428373336791992e+00
3.592782497406005859e+00
4.247086048126220703e+00
1.418715953826904297e+00
8.794109821319580078e-01
2.730063915252685547e+00
2.498613595962524414e+00
1.471737146377563477e+00
1.739567399024963379e+00
3.787046909332275391e+00
1.923084735870361328e+00
2.214702129364013672e+00
3.563853502273559570e-01
1.779398322105407715e+00
3.724590301513671875e+00
1.366153240203857422e+00
4.980901479721069336e-01
1.500975728034973145e+00
1.482912063598632812e+00
1.414072275161743164e+00
1.213526725769042969e+00
1.246466875076293945e+00
4.353470802307128906e+00
6.679837107658386230e-01
1.086958408355712891e+00
2.021867513656616211e+00
3.251911878585815430e+00
4.961589574813842773e-01
3.579128742218017578e+00
1.689231634140014648e+00
3.432103872299194336e+00
3.779420852661132812e+00
1.438968777656555176e+00
1.977588653564453125e+00
1.093688249588012695e+00
4.243257999420166016e+00
1.083700895309448242e+00
1.225880861282348633e+00
4.387835502624511719e+00
3.496271848678588867e+00
1.472995996475219727e+00
1.545524239540100098e+00
-6.452928185462951660e-01
-4.491128325462341309e-01
-1.059375643730163574e+00
-1.163934171199798584e-01
1.517915248870849609e+00
3.936768770217895508e+00
-1.747159481048583984e+00
3.693267583847045898e+00
1.697523474693298340e+00
1.301884293556213379e+00
-2.894610762596130371e-01
1.526518344879150391e+00
-7.742054462432861328e-01
-9.556739330291748047e-01
3.560212612152099609e+00
1.259642362594604492e+00
-1.276285171508789062e+00
1.265172600746154785e+00
-7.156387567520141602e-01
1.341191768646240234e+00
-1.707527399063110352e+00
3.553267002105712891e+00
3.634657621383666992e+00
-5.668450593948364258e-01
3.353675603866577148e+00
-1.245287537574768066e+00
-4.375274479389190674e-01
-2.447061538696289062e-01
-7.084369063377380371e-01
-3.726879954338073730e-01
1.112246036529541016e+00
3.928254127502441406e+00
-1.612709879875183105e+00
-5.612360239028930664e-01
3.843113183975219727e+00
-4.685531258583068848e-01
-1.380570650100708008e+00
4.214562892913818359e+00
9.685377478599548340e-01
-1.124392032623291016e+00
8.290096521377563477e-01
5.969669818878173828e-01
-4.468644857406616211e-01
-1.613359928131103516e+00
2.255614757537841797e+00
-1.126076221466064453e+00
2.005221366882324219e+00
1.148548722267150879e+00
-5.129004716873168945e-01
-1.004132151603698730e+00
-4.674803614616394043e-01
-7.441257834434509277e-01
1.444039940834045410e-01
1.601910591125488281e+00
1.295301318168640137e+00
3.117388486862182617e-02
6.934369802474975586e-01
-1.064162015914916992e+00
-1.019324779510498047e+00
-1.453490614891052246e+00
-4.570355117321014404e-01
-4.173845648765563965e-01
-3.342660665512084961e-01
3.517837226390838623e-01
-3.829308748245239258e-01
2.591055870056152344e+00
2.164714634418487549e-01
-4.043094515800476074e-01
1.089518070220947266e+00
3.468720912933349609e+00
1.219507575035095215e+00
-8.184236288070678711e-02
-5.244815349578857422e-01
1.418825149536132812e+00
-3.365958929061889648e-01
-7.113629579544067383e-01
-6.766582131385803223e-01
-9.887864589691162109e-01
-3.868792057037353516e-01
-2.497863769531250000e+00
4.543498039245605469e+00
-7.446421980857849121e-01
-8.478153347969055176e-01
-7.240052223205566406e-01
1.107219099998474121e+00
-8.838678002357482910e-01
1.147669792175292969e+00
-8.078275620937347412e-02
1.277400970458984375e+00
8.671380281448364258e-01
-4.619695544242858887e-01
1.719892859458923340e+00
1.474012017250061035e+00
-5.870626568794250488e-01
8.762181997299194336e-01
-4.208941459655761719e-01
-9.638415575027465820e-01
1.272806763648986816e+00
-2.164416074752807617e+00
1.305888056755065918e+00
-1.095380187034606934e-01
-5.223183035850524902e-01
-2.571433782577514648e-01
-2.225289583206176758e+00
-1.515601634979248047e+00
-4.210886359214782715e-01
8.402326703071594238e-01
-3.303387641906738281e+00
-1.198346734046936035e+00
-5.102200508117675781e-01
1.454474329948425293e+00
-3.636926651000976562e+00
-5.522287487983703613e-01
-5.583198070526123047e-01
1.046168804168701172e+00
4.244118928909301758e-03
1.048662543296813965e+00
-1.603481769561767578e+00
3.937351942062377930e+00
1.420799493789672852e+00
1.877217292785644531e+00
3.810392856597900391e+00
-8.515560626983642578e-01
2.075372695922851562e+00
7.153571248054504395e-01
-8.417677879333496094e-01
-2.838415145874023438e+00
-1.536308526992797852e+00
1.546278953552246094e+00
8.524210453033447266e-01
-1.922944545745849609e+00
-2.762906253337860107e-01
7.788491249084472656e-01
1.133895218372344971e-01
3.802731513977050781e+00
1.505517125129699707e+00
-4.111728966236114502e-01
-7.656178474426269531e-01
-1.421393305063247681e-01
1.535454034805297852e+00
1.091034412384033203e+00
-1.171887397766113281e+00
-6.596994996070861816e-01
1.802814841270446777e+00
-1.136881828308105469e+00
1.039876580238342285e+00
9.347877502441406250e-01
4.144115447998046875e+00
-6.851425170898437500e-01
-1.222276449203491211e+00
-6.846582293510437012e-01
-1.451201319694519043e+00
1.307086229324340820e+00
-3.019495606422424316e-01
-1.012842357158660889e-01
2.852577686309814453e+00
4.164494514465332031e+00
-1.879819750785827637e+00
-8.680781126022338867e-01
-5.021264553070068359e-01
-3.720629513263702393e-01
1.540947437286376953e+00
-6.306072473526000977e-01
-4.628022015094757080e-01
1.278540849685668945e+00
-1.765904903411865234e+00
1.412220478057861328e+00
-2.236085981130599976e-01
1.296698451042175293e+00
1.086459279060363770e+00
1.113814115524291992e+00
1.348172664642333984e+00
1.403010964393615723e+00
-1.998953461647033691e+00
-1.701583385467529297e+00
-9.403254389762878418e-01
1.338197708129882812e+00
2.557538747787475586e+00
-7.433654069900512695e-01
-5.096614360809326172e-01
-7.333123683929443359e-01
-4.986115097999572754e-01
-5.406867265701293945e-01
1.388394355773925781e+00
1.899037122726440430e+00
1.609313845634460449e+00
4.291819095611572266e+00
1.957613110542297363e+00
9.902216792106628418e-01
-6.508812904357910156e-01
-5.381807684898376465e-01
-1.102259516716003418e+00
1.571174502372741699e+00
1.265003681182861328e+00
3.750288486480712891e-01
-6.113401055335998535e-01
4.588164389133453369e-01
6.457579731941223145e-01
-3.425751328468322754e-01
1.047173738479614258e+00
-7.573423981666564941e-01
2.262097120285034180e+00
-3.914473652839660645e-01
-8.932496309280395508e-01
-2.480759620666503906e-01
8.689838051795959473e-01
-2.024106264114379883e+00
-1.214147686958312988e+00
4.016942977905273438e+00
-1.318661689758300781e+00
4.477087497711181641e+00
1.095986366271972656e+00
1.775767326354980469e+00
-2.946246147155761719e+00
-5.351666212081909180e-01
3.631189346313476562e+00
-9.520584344863891602e-02
-8.303703069686889648e-01
-1.336960554122924805e+00
1.626134157180786133e+00
-2.697243094444274902e-01
-2.097212076187133789e+00
2.772030830383300781e+00
-3.434437215328216553e-01
4.461985588073730469e+00
1.266440391540527344e+00
-3.555429577827453613e-01
-4.226310253143310547e-01
1.859934687614440918e+00
-5.724639296531677246e-01
-2.406680822372436523e+00
8.889568597078323364e-02
-3.840945959091186523e-01
-1.234875679016113281e+00
-2.965948283672332764e-01
1.515618324279785156e+00
-5.097724497318267822e-02
-1.642936944961547852e+00
2.760795116424560547e+00
1.016348123550415039e+00
4.843601226806640625e+00
2.231693506240844727e+00
-8.035784959793090820e-01
9.685937166213989258e-01
-7.643239498138427734e-01
1.066878199577331543e+00
-5.878630876541137695e-01
-4.680660068988800049e-01
1.704381465911865234e+00
1.130120992660522461e+00
1.535171985626220703e+00
-1.716095507144927979e-01
-3.212581574916839600e-01
4.197125434875488281e+00
-3.069942593574523926e-01
1.432606697082519531e+00
-6.555277109146118164e-02
-6.797900199890136719e-01
4.488122940063476562e+00
-1.676587820053100586e+00
-6.744216084480285645e-01
1.475145459175109863e+00
1.808286666870117188e+00
-1.374846696853637695e-02
-6.781520843505859375e-01
1.587849140167236328e+00
3.628786802291870117e-01
1.291755199432373047e+00
1.597449660301208496e+00
6.211676001548767090e-01
-1.032872557640075684e+00
-1.310728192329406738e+00
4.236095905303955078e+00
1.429401159286499023e+00
1.694699168205261230e+00
-8.506828546524047852e-01
-2.658472776412963867e+00
5.072089195251464844e+00
1.223759412765502930e+00
1.236048936843872070e+00
-1.495942115783691406e+00
-4.678786993026733398e-01
1.266427636146545410e+00
4.927921772003173828e+00
2.034208297729492188e+00
-2.918226122856140137e-01
-7.467987537384033203e-01
-6.538505554199218750e-01
1.173251390457153320e+00
9.210073947906494141e-01
1.291103124618530273e+00
1.444238662719726562e+00
1.350847601890563965e+00
4.401313304901123047e+00
-9.966002702713012695e-01
-5.316420197486877441e-01
1.141645193099975586e+00
-3.282524347305297852e+00
6.329870223999023438e-01
1.664061546325683594e+00
3.505245685577392578e+00
1.634160041809082031e+00
-8.733728528022766113e-02
-3.275048732757568359e-01
4.743849754333496094e+00
7.307657003402709961e-01
-3.461418867111206055e+00
-4.567165374755859375e-01
1.345956087112426758e+00
-2.925428152084350586e-01
-7.174898386001586914e-01
9.919992089271545410e-01
-3.746015727519989014e-01
1.350697278976440430e+00
1.723946094512939453e+00
4.948387145996093750e+00
-1.298725366592407227e+00
4.156596183776855469e+00
4.439913749694824219e+00
7.162606120109558105e-01
-5.629308819770812988e-01
-1.203025341033935547e+00
-2.345040559768676758e+00
1.797959923744201660e+00
4.385025978088378906e+00
-6.311501562595367432e-02
9.727740287780761719e-01
1.073908567428588867e+00
-3.235181570053100586e+00
-7.933905720710754395e-02
1.076351523399353027e+00
-3.499980568885803223e-01
-8.554755151271820068e-02
-6.854057908058166504e-01
4.550935745239257812e+00
-8.560401201248168945e-01
1.415915727615356445e+00
2.935024261474609375e+00
4.302695274353027344e+00
5.752807855606079102e-02
-1.060604095458984375e+00
8.847186565399169922e-01
-2.839941978454589844e-01
-5.662115812301635742e-01
2.000824451446533203e+00
1.517764329910278320e+00
-8.839606046676635742e-01
-7.473754882812500000e-01
-7.003217339515686035e-01
6.233814358711242676e-02
1.505784511566162109e+00
-3.535864949226379395e-01
1.639140605926513672e+00
-3.614731729030609131e-01
1.015338659286499023e+00
3.926932811737060547e+00
-4.054021835327148438e-01
-3.785804510116577148e-01
-3.824756741523742676e-01
-1.085948348045349121e+00
-4.693112671375274658e-01
-5.577104091644287109e-01
3.836876869201660156e+00
1.359342098236083984e+00
1.961179375648498535e+00
-3.000762462615966797e-01
-4.160890877246856689e-01
-6.929519176483154297e-01
1.151374340057373047e+00
-2.461570501327514648e-02
-3.085100650787353516e-02
1.017303705215454102e+00
1.466255068778991699e+00
1.177314400672912598e+00
-2.793977022171020508e+00
-3.012992441654205322e-01
1.452967405319213867e+00
1.390334367752075195e+00
-5.687555074691772461e-01
8.333454728126525879e-01
-3.538581728935241699e-02
-3.390199542045593262e-01
-2.415258884429931641e+00
-2.549274444580078125e+00
-4.236824214458465576e-01
-1.532730460166931152e-01
4.500026106834411621e-01
-1.054374694824218750e+00
-1.045593023300170898e+00
7.592327892780303955e-02
1.395066976547241211e+00
-7.875418066978454590e-01
3.013716459274291992e+00
1.117518544197082520e+00
-9.791312813758850098e-01
9.289711713790893555e-01
-8.295713663101196289e-01
-1.290436506271362305e+00
-4.212531447410583496e-02
-1.489989459514617920e-01
8.626927733421325684e-01
2.589330077171325684e-03
-9.428732991218566895e-01
6.223533749580383301e-01
4.401311278343200684e-01
1.881991863250732422e+00
-4.427998065948486328e-01
2.873056650161743164e+00
2.093934416770935059e-01
8.988071680068969727e-01
-1.430069446563720703e+00
-9.156290292739868164e-01
1.063859581947326660e+00
1.574152827262878418e+00
1.401269912719726562e+00
-1.002218484878540039e+00
2.772551536560058594e+00
-2.276386767625808716e-01
1.135040879249572754e+00
1.175197958946228027e+00
1.288093626499176025e-01
8.813653886318206787e-02
-1.544745683670043945e+00
-4.742561578750610352e-01
-1.249629378318786621e+00
-5.888419747352600098e-01
5.054866075515747070e-01
-1.322477340698242188e+00
4.324363708496093750e+00
1.125285625457763672e+00
-7.691460847854614258e-01
2.848990261554718018e-01
1.872800469398498535e+00
1.428584218025207520e+00
2.869956493377685547e-01
6.840633153915405273e-01
-1.473728656768798828e+00
-1.047478675842285156e+00
2.055564522743225098e-02
-4.310730397701263428e-01
-2.149620652198791504e-01
-5.558269619941711426e-01
-2.256722688674926758e+00
-9.747944474220275879e-01
1.166595339775085449e+00
-1.030690550804138184e+00
4.299233108758926392e-02
-1.482616901397705078e+00
-1.444644451141357422e+00
-1.246847152709960938e+00
-7.421556711196899414e-01
-1.583422064781188965e+00
-9.689202904701232910e-01
-1.125563383102416992e+00
-2.090547323226928711e+00
5.579704642295837402e-01
-5.521374940872192383e-02
1.302129745483398438e+00
4.934198379516601562e+00
-9.895212054252624512e-01
-4.230265319347381592e-01
-2.476907730102539062e+00
4.589826583862304688e+00
3.256911784410476685e-02
1.992201805114746094e+00
1.448286771774291992e+00
-9.242593050003051758e-01
2.298039197921752930e+00
-1.196184754371643066e-02
4.056707382202148438e+00
-9.325483441352844238e-01
-1.641686558723449707e+00
-9.355217218399047852e-01
-5.240784883499145508e-01
-4.327218532562255859e-01
3.109281539916992188e+00
-3.456959128379821777e-01
-3.642410635948181152e-01
4.792186737060546875e+00
1.201203823089599609e+00
-8.583669662475585938e-01
-5.653479099273681641e-01
-5.307426452636718750e-01
-3.436366319656372070e+00
-3.012937068939208984e+00
-9.392128586769104004e-01
-6.068156361579895020e-01
-3.125318765640258789e+00
3.332558631896972656e+00
-4.062831699848175049e-01
-6.561841964721679688e-01
4.177134513854980469e+00
1.131975889205932617e+00
-1.002741575241088867e+00
-8.004028797149658203e-01
7.182968258857727051e-01
1.562238216400146484e+00
4.331723749637603760e-01
-6.458076834678649902e-01
-8.240051269531250000e-01
-2.194431304931640625e+00
-2.594776630401611328e+00
-8.145301342010498047e-01
-9.328893423080444336e-01
1.567357659339904785e+00
-8.265530467033386230e-01
-1.042221784591674805e+00
-1.978714942932128906e+00
-1.839800357818603516e+00
-1.152814030647277832e+00
-6.056563854217529297e-01
4.411489486694335938e+00
-3.480055034160614014e-01
9.567760229110717773e-01
-9.112364053726196289e-01
8.200528621673583984e-01
-1.897265076637268066e+00
-2.518361806869506836e-01
4.338908672332763672e+00
-3.689810931682586670e-01
4.266777515411376953e+00
-2.193449258804321289e+00
5.928922176361083984e+00
-3.075747966766357422e+00
-1.119152426719665527e+00
-1.894822120666503906e-01
4.282075405120849609e+00
-1.487155437469482422e+00
-1.530316352844238281e+00
3.081070423126220703e+00
2.653012752532958984e+00
-5.967887639999389648e-01
-1.600137948989868164e-01
-1.032619848847389221e-01
1.502115726470947266e+00
-3.066515207290649414e+00
1.243969559669494629e+00
-1.157775878906250000e+00
-1.697376966476440430e+00
1.434155344963073730e+00
4.456879198551177979e-02
8.089600205421447754e-01
1.125874638557434082e+00
-1.822114467620849609e+00
4.523926258087158203e+00
-8.342590332031250000e-01
9.404524564743041992e-01
-4.476658403873443604e-01
-5.796222090721130371e-01
1.502047777175903320e+00
1.315500140190124512e-01
1.144154429435729980e+00
-7.099572420120239258e-01
9.583395719528198242e-01
-2.791660428047180176e-01
-9.465472102165222168e-01
3.877332448959350586e+00
1.125903606414794922e+00
-9.296814799308776855e-01
1.817306876182556152e+00
-6.258752942085266113e-01
-2.331091403961181641e+00
-5.819709300994873047e-01
8.697665333747863770e-01
1.777928352355957031e+00
-3.697443902492523193e-01
-6.935177445411682129e-01
3.733915090560913086e+00
-1.988532423973083496e+00
-7.210759520530700684e-01
1.146919131278991699e+00
3.892444610595703125e+00
1.347874522209167480e+00
1.802237629890441895e+00
1.631522893905639648e+00
2.636976242065429688e+00
1.348441123962402344e+00
-8.923677206039428711e-01
4.704728424549102783e-01
-1.105968713760375977e+00
1.549678564071655273e+00
-1.073661446571350098e-01
-8.269590139389038086e-01
4.853326797485351562e+00
-3.265231847763061523e-01
3.596797466278076172e+00
-3.454703092575073242e-01
1.054667711257934570e+00
1.106407403945922852e+00
-8.569071292877197266e-01
-8.462876081466674805e-01
1.019964218139648438e+00
5.086914539337158203e+00
1.230193257331848145e+00
1.868898272514343262e+00
1.453883409500122070e+00
1.060765981674194336e+00
-8.718286156654357910e-01
8.109651803970336914e-01
3.769476890563964844e+00
-1.782984435558319092e-01
-1.370706677436828613e+00
-2.093472242355346680e+00
-9.466304183006286621e-01
1.785071849822998047e+00
-2.111795842647552490e-01
-1.406418681144714355e-01
4.435949325561523438e+00
8.650971651077270508e-01
-6.640643477439880371e-01
-2.299035072326660156e+00
6.472905874252319336e-01
-2.186778187751770020e-02
5.006119728088378906e+00
1.072820425033569336e+00
-1.041666626930236816e+00
-9.709441661834716797e-01
-5.836169719696044922e-01
1.576158881187438965e+00
-2.710059404373168945e+00
-2.865688800811767578e-01
-1.334529876708984375e+00
-1.266240119934082031e+00
1.686341881752014160e+00
-6.245137453079223633e-01
-2.903678894042968750e+00
-1.807679980993270874e-01
1.437637805938720703e+00
8.750317096710205078e-01
-5.188636183738708496e-01
-1.310205698013305664e+00
-6.554824113845825195e-01
9.369432330131530762e-01
1.578127741813659668e+00
4.614040374755859375e+00
-1.184103935956954956e-01
9.404159188270568848e-01
1.605707883834838867e+00
4.882072806358337402e-01
1.367970228195190430e+00
-4.717251062393188477e-01
3.229887485504150391e-01
-3.606263697147369385e-01
4.660109519958496094e+00
-9.930071830749511719e-01
1.609482288360595703e+00
-7.508613467216491699e-01
-3.637345135211944580e-01
6.720978021621704102e-01
-1.476671934127807617e+00
-8.021885752677917480e-01
-2.360284090042114258e+00
-2.566150426864624023e+00
-2.474460601806640625e+00
-2.355428695678710938e+00
-2.572174549102783203e+00
-2.065531015396118164e+00
-1.722474813461303711e+00
-3.286869525909423828e+00
-3.020645141601562500e+00
-2.500934362411499023e+00
-2.676436901092529297e+00
-1.640783548355102539e+00
-3.116614341735839844e+00
-1.911224842071533203e+00
-2.425762653350830078e+00
-2.794499397277832031e+00
-1.745638728141784668e+00
-2.550557851791381836e+00
-2.595258712768554688e+00
-2.608026504516601562e+00
-2.912609338760375977e+00
-3.043632268905639648e+00
-2.857199192047119141e+00
-2.675352334976196289e+00
-2.485158681869506836e+00
-3.110510826110839844e+00
-2.350080728530883789e+00
-1.787409663200378418e+00
-3.011304378509521484e+00
-2.256618499755859375e+00
-3.347901344299316406e+00
-2.414891242980957031e+00
-2.632987022399902344e+00
-2.100915908813476562e+00
-2.455493927001953125e+00
-2.967842578887939453e+00
-2.450284481048583984e+00
-2.689591884613037109e+00
-2.258983612060546875e+00
-3.034264802932739258e+00
-2.135038137435913086e+00
-2.746860504150390625e+00
-1.356691122055053711e+00
-2.804180622100830078e+00
-2.535554170608520508e+00
-3.043424844741821289e+00
-3.034516334533691406e+00
-2.194415807723999023e+00
-2.121238708496093750e+00
-1.614850163459777832e+00
-2.288458824157714844e+00
-1.671616554260253906e+00
-2.612201929092407227e+00
-2.147675514221191406e+00
-2.772107839584350586e+00
-2.287409782409667969e+00
-2.877917766571044922e+00
-1.836089849472045898e+00
-2.525260210037231445e+00
-1.897394657135009766e+00
-1.983693838119506836e+00
-2.746634721755981445e+00
-2.219262123107910156e+00
-1.998410940170288086e+00
-1.845572352409362793e+00
-3.103987216949462891e+00
-2.521527767181396484e+00
-2.270613670349121094e+00
-2.160521030426025391e+00
2.991376161575317383e+00
-2.341414451599121094e+00
-2.151071310043334961e+00
-2.296306371688842773e+00
-2.955056667327880859e+00
-2.939408302307128906e+00
-9.976180791854858398e-01
-2.242302894592285156e+00
-1.928240537643432617e+00
-2.587347507476806641e+00
-2.434278249740600586e+00
-2.900934696197509766e+00
2.178636550903320312e+00
-1.924809217453002930e+00
-2.356442213058471680e+00
-3.070300817489624023e-01
-2.908642292022705078e+00
-2.403937101364135742e+00
-2.672983407974243164e+00
-2.180731296539306641e+00
-2.458766460418701172e+00
-2.061548233032226562e+00
-3.048521757125854492e+00
-3.084172248840332031e+00
5.128817558288574219e-01
-2.374301433563232422e+00
-1.938111782073974609e+00
-2.886479139328002930e+00
-2.008632183074951172e+00
-2.594871759414672852e+00
-2.144761085510253906e+00
-2.364224433898925781e+00
-2.686611175537109375e+00
-3.172699451446533203e+00
1.670153141021728516e+00
4.488010883331298828e+00
-2.807208776473999023e+00
-2.273729801177978516e+00
-2.600113153457641602e+00
-2.740876913070678711e+00
-2.041091918945312500e+00
-3.048527956008911133e+00
-2.360134601593017578e+00
-2.710100412368774414e+00
-2.537968635559082031e+00
-3.280827045440673828e+00
-1.395812749862670898e+00
-1.337625503540039062e+00
-4.357271790504455566e-01
-2.065867900848388672e+00
-2.272087097167968750e+00
-2.305171012878417969e+00
-2.147570610046386719e+00
2.582029819488525391e+00
-1.878722190856933594e+00
3.927880764007568359e+00
-1.625562667846679688e+00
-2.197287321090698242e+00
-2.547626495361328125e+00
2.552829742431640625e+00
1.348312616348266602e+00
-2.353929042816162109e+00
-2.466168403625488281e+00
5.102902412414550781e+00
-2.883238315582275391e+00
-3.192129135131835938e+00
7.020657062530517578e-01
-1.434317111968994141e+00
-2.663368463516235352e+00
-1.441897869110107422e+00
-1.521922826766967773e+00
-3.419367313385009766e+00
-1.636926412582397461e+00
3.656255304813385010e-01
-3.958109855651855469e+00
-7.131254076957702637e-01
-8.567962050437927246e-01
-1.115553259849548340e+00
-1.089585542678833008e+00
-8.589335083961486816e-01
-2.508389949798583984e+00
-1.091283321380615234e+00
-2.461208105087280273e+00
-1.844357371330261230e+00
-1.454793691635131836e+00
-1.593845367431640625e+00
-1.221884489059448242e+00
-3.823120594024658203e+00
3.306818723678588867e+00
-1.495671033859252930e+00
-1.400899648666381836e+00
-1.036277413368225098e+00
-2.218649387359619141e+00
-2.237550020217895508e+00
-8.093738555908203125e-01
-1.930047154426574707e+00
-1.116896033287048340e+00
-1.177157163619995117e+00
-2.318576812744140625e+00
-1.488582611083984375e+00
-2.230864524841308594e+00
-2.335967063903808594e+00
-6.400614380836486816e-01
-1.579151868820190430e+00
-3.025089979171752930e+00
-2.353187799453735352e+00
-2.999004364013671875e+00
-1.819573640823364258e+00
-2.457296371459960938e+00
-2.600120544433593750e+00
-2.309595584869384766e+00
-2.542386770248413086e+00
-1.368438243865966797e+00
-2.391082763671875000e+00
-3.094014167785644531e+00
-1.873599052429199219e+00
-1.601547241210937500e+00
-3.048900127410888672e+00
-8.677685856819152832e-01
-1.218107223510742188e+00
-2.864834308624267578e+00
-1.448259234428405762e+00
-2.697143554687500000e+00
-1.423179149627685547e+00
-2.899953842163085938e+00
-1.706016302108764648e+00
-7.412160038948059082e-01
-2.445197820663452148e+00
-3.581868171691894531e+00
-2.101097345352172852e+00
-1.157012939453125000e+00
-2.912681341171264648e+00
-2.873288393020629883e-01
-1.071639180183410645e+00
-1.686727643013000488e+00
-1.796385526657104492e+00
-1.600093126296997070e+00
-2.854843616485595703e+00
-1.038059473037719727e+00
-1.806411504745483398e+00
-3.427144289016723633e+00
-9.031458497047424316e-01
-9.830808639526367188e-01
-2.612357854843139648e+00
-3.503151416778564453e+00
-7.449872493743896484e-01
-2.182901859283447266e+00
-2.515494823455810547e+00
-2.231141567230224609e+00
-1.328507661819458008e+00
-1.455979585647583008e+00
-1.533504009246826172e+00
-5.567991137504577637e-01
-2.414353370666503906e+00
-3.111594438552856445e+00
-1.610669851303100586e+00
-1.838581800460815430e+00
-1.282812714576721191e+00
-2.708377361297607422e+00
-1.400277256965637207e+00
-2.746167421340942383e+00
-2.639424085617065430e+00
-2.670334339141845703e+00
-8.529990911483764648e-01
-1.437866330146789551e+00
-2.832057952880859375e+00
-8.929008841514587402e-01
-2.835072994232177734e+00
-2.554020881652832031e+00
-1.338615417480468750e+00
-1.636509776115417480e+00
-2.737236499786376953e+00
-1.531396269798278809e+00
-1.327543497085571289e+00
-2.167645931243896484e+00
-1.200437068939208984e+00
-3.260069847106933594e+00
-2.121605396270751953e+00
-2.649424076080322266e+00
6.164264202117919922e+00
-3.302484750747680664e+00
-2.740524768829345703e+00
1.709808588027954102e+00
-2.295200824737548828e+00
-2.946233272552490234e+00
-2.995355606079101562e+00
-3.140334129333496094e+00
-2.777122020721435547e+00
-2.603208065032958984e+00
5.467823505401611328e+00
-2.331698417663574219e+00
-2.820507287979125977e+00
-2.306431531906127930e+00
-2.463257074356079102e+00
-2.518898010253906250e+00
-1.975603818893432617e+00
-2.215866804122924805e+00
-2.369216442108154297e+00
-2.863158226013183594e+00
-2.852128028869628906e+00
-2.223266959190368652e-01
-2.688189029693603516e+00
-2.527263164520263672e+00
-2.400780439376831055e+00
1.831128597259521484e-01
-3.244484901428222656e+00
5.855329513549804688e+00
-2.212540388107299805e+00
-3.009829521179199219e+00
-2.520476341247558594e+00
-2.189835071563720703e+00
-2.027151107788085938e+00
-2.483485460281372070e+00
-2.591426372528076172e+00
-2.461630821228027344e+00
-2.558741092681884766e+00
-1.564760327339172363e+00
-2.678650856018066406e+00
-3.243530511856079102e+00
-2.626746892929077148e+00
-3.167253971099853516e+00
-2.519226074218750000e+00
-2.866142749786376953e+00
-2.126686334609985352e+00
-2.900474548339843750e+00
-2.950360298156738281e+00
-1.730370759963989258e+00
-2.510557651519775391e+00
-1.928793072700500488e+00
-2.438040256500244141e+00
-2.464485168457031250e+00
-2.763955116271972656e+00
5.162124633789062500e-01
-3.260717868804931641e+00
-2.224693536758422852e+00
-2.402771234512329102e+00
-1.900542736053466797e+00
-2.761574745178222656e+00
3.894629001617431641e+00
-2.021280288696289062e+00
-3.350805521011352539e+00
-2.695252656936645508e+00
-1.988211154937744141e+00
-3.301702499389648438e+00
-3.041626930236816406e+00
-2.430873394012451172e+00
-2.858198642730712891e+00
-2.756674051284790039e+00
-2.168174982070922852e+00
-2.579839229583740234e+00
-2.158891677856445312e+00
