-9.908440113067626953e-01
2.875563621520996094e+00
-1.177919030189514160e+00
-1.337694674730300903e-01
3.253130614757537842e-01
3.725410699844360352e-01
2.466912746429443359e+00
2.673551559448242188e+00
4.243723154067993164e-01
-2.677263319492340088e-01
1.129726171493530273e-01
2.863354444503784180e+00
1.464099168777465820e+00
2.407623767852783203e+00
2.404806375503540039e+00
4.359456896781921387e-01
-9.800422191619873047e-01
5.737554430961608887e-01
-1.602275252342224121e+00
5.741211771965026855e-01
1.723159074783325195e+00
1.081573605537414551e+00
-6.667388081550598145e-01
1.341616213321685791e-01
1.125758886337280273e+00
-9.095502495765686035e-01
2.170659601688385010e-01
-7.825516462326049805e-01
1.764307916164398193e-01
4.141154766082763672e+00
5.923570394515991211e-01
-4.823627173900604248e-01
3.183744430541992188e+00
-1.412575244903564453e+00
-2.129393100738525391e+00
1.057262182235717773e+00
1.157710790634155273e+00
2.422043681144714355e-01
1.673113703727722168e+00
-1.124140024185180664e+00
2.619760751724243164e+00
2.515981197357177734e+00
-1.323627680540084839e-01
-2.419257879257202148e+00
-1.057873129844665527e+00
-1.778877615928649902e+00
-1.692097902297973633e+00
1.859804034233093262e+00
3.510733127593994141e+00
1.926271617412567139e-02
3.064589023590087891e+00
-1.541643381118774414e+00
-4.040822505950927734e+00
-1.351327300071716309e+00
1.240291118621826172e+00
2.710910737514495850e-01
2.013391017913818359e+00
-1.578479528427124023e+00
-1.956527084112167358e-01
-1.814503669738769531e+00
1.017104089260101318e-02
2.950437545776367188e+00
1.062504291534423828e+00
2.478787422180175781e+00
-1.389286994934082031e+00
-9.731165170669555664e-01
2.325292229652404785e-01
7.001940011978149414e-01
-1.386170983314514160e+00
3.177080631256103516e+00
2.368983268737792969e+00
-6.434737443923950195e-01
-2.880206704139709473e-02
-7.199636697769165039e-01
1.061415791511535645e+00
1.337303876876831055e+00
1.302371740341186523e+00
8.121938109397888184e-01
2.162935733795166016e+00
1.705093979835510254e+00
-1.084591507911682129e+00
9.972866773605346680e-01
2.198584079742431641e+00
-1.905173063278198242e-02
1.702335715293884277e+00
2.446108818054199219e+00
-5.068585872650146484e-01
-1.001593112945556641e+00
5.270919799804687500e-01
2.652711629867553711e+00
4.688531756401062012e-01
2.492934465408325195e+00
2.572175741195678711e+00
6.289179325103759766e-01
7.763239741325378418e-01
-9.407626390457153320e-01
-1.645293354988098145e+00
-1.918535590171813965e+00
4.675384759902954102e-01
-9.066104888916015625e-01
1.922697305679321289e+00
-9.079667329788208008e-01
3.273430347442626953e+00
-1.382345676422119141e+00
2.616397738456726074e-01
3.668814897537231445e-01
9.045335650444030762e-01
2.183418750762939453e+00
-2.008929252624511719e+00
-1.738868713378906250e+00
-3.176981925964355469e+00
-1.937835574150085449e+00
-2.755904197692871094e+00
-9.361628890037536621e-01
-2.694066047668457031e+00
-2.975407123565673828e+00
-2.480883836746215820e+00
-2.792641162872314453e+00
-2.305455207824707031e+00
-1.663103342056274414e+00
-2.887072324752807617e+00
-3.112482309341430664e+00
-2.061594724655151367e+00
-2.632889986038208008e+00
-2.498802900314331055e+00
-2.182806253433227539e+00
-2.848559856414794922e+00
-2.988495826721191406e+00
-1.918678522109985352e+00
-2.090353488922119141e+00
-2.335608243942260742e+00
-1.843093991279602051e+00
-2.383054494857788086e+00
-2.137948036193847656e+00
-3.088274002075195312e+00
-2.844787359237670898e+00
-1.669939160346984863e+00
-2.531280517578125000e+00
-2.516283750534057617e+00
-2.626242637634277344e+00
-2.175929546356201172e+00
-2.293458461761474609e+00
-2.791584253311157227e+00
-2.341681241989135742e+00
1.652482151985168457e-01
-2.419877052307128906e+00
-2.667500734329223633e+00
-2.920205831527709961e+00
2.635918617248535156e+00
-2.161802768707275391e+00
-2.164240598678588867e+00
-2.348646402359008789e+00
-2.162264108657836914e+00
-2.585865020751953125e+00
-1.998885869979858398e+00
-2.499031543731689453e+00
-2.290434837341308594e+00
-2.376857757568359375e+00
-2.345733165740966797e+00
-2.380248069763183594e+00
-2.117839336395263672e+00
-1.864271879196166992e+00
-2.432729482650756836e+00
-1.833697080612182617e+00
-3.780190944671630859e+00
-1.059617280960083008e+00
-2.431160926818847656e+00
-2.428088426589965820e+00
-2.232260704040527344e+00
-2.614020109176635742e+00
-2.366676568984985352e+00
-1.734914302825927734e+00
-2.053502798080444336e+00
-2.813830137252807617e+00
-2.328001260757446289e+00
-2.480929851531982422e+00
-2.633979082107543945e+00
-3.789097547531127930e+00
-2.258686065673828125e+00
-2.165278434753417969e+00
-1.899657607078552246e+00
-2.652390003204345703e+00
-3.024592399597167969e+00
-2.530333518981933594e+00
-2.649612903594970703e+00
-3.094933748245239258e+00
1.467801332473754883e+00
-1.812122464179992676e+00
-1.293825984001159668e+00
-1.874891281127929688e+00
-2.359940767288208008e+00
5.726062774658203125e+00
-2.895861387252807617e+00
-2.568656921386718750e+00
4.420780181884765625e+00
1.876005530357360840e+00
2.544924020767211914e+00
4.331917762756347656e+00
1.725230097770690918e+00
3.887818098068237305e+00
4.270235538482666016e+00
1.415612697601318359e+00
1.429805040359497070e+00
2.861615896224975586e+00
3.457754135131835938e+00
1.518385887145996094e+00
1.635201215744018555e+00
3.291359663009643555e+00
8.908722400665283203e-01
6.349503993988037109e-01
1.097361803054809570e+00
4.379876136779785156e+00
1.513400554656982422e+00
2.948832035064697266e+00
1.243986964225769043e+00
1.263488054275512695e+00
9.197711348533630371e-01
1.136999845504760742e+00
1.041720151901245117e+00
1.236451983451843262e+00
2.689856052398681641e+00
6.315609216690063477e-01
1.680704236030578613e+00
4.062642097473144531e+00
3.918084383010864258e+00
8.127433061599731445e-01
8.798433542251586914e-01
4.446244239807128906e+00
1.356433153152465820e+00
2.039993524551391602e+00
2.781217098236083984e+00
1.233495116233825684e+00
1.377441048622131348e+00
1.088241338729858398e+00
4.271667003631591797e+00
1.600457668304443359e+00
3.865080833435058594e+00
1.294938564300537109e+00
3.760884761810302734e+00
1.638659715652465820e+00
1.696061611175537109e+00
3.220294475555419922e+00
3.754369258880615234e+00
2.508981466293334961e+00
3.121057271957397461e+00
4.711490631103515625e+00
1.803355336189270020e+00
2.100169658660888672e+00
4.007163524627685547e+00
4.097482681274414062e+00
1.087340354919433594e+00
1.922803640365600586e+00
4.816720008850097656e+00
8.315593004226684570e-01
1.231382369995117188e+00
4.902786016464233398e-01
1.330072283744812012e+00
2.413842916488647461e+00
4.468205928802490234e+00
3.180528879165649414e+00
3.269697666168212891e+00
3.974350452423095703e+00
1.648022174835205078e+00
1.643616914749145508e+00
1.603061914443969727e+00
1.552668571472167969e+00
1.285604953765869141e+00
3.714029788970947266e+00
2.709234476089477539e+00
4.282505989074707031e+00
1.327315926551818848e+00
1.330375432968139648e+00
1.337752938270568848e+00
4.269203186035156250e+00
4.701230049133300781e+00
6.251317262649536133e-01
3.801934242248535156e+00
1.856047391891479492e+00
4.860129356384277344e+00
1.704423427581787109e+00
3.890767812728881836e+00
1.767243266105651855e+00
3.286935091018676758e+00
1.082703113555908203e+00
2.144743204116821289e+00
3.721553564071655273e+00
8.094959259033203125e-01
1.209791183471679688e+00
4.399321556091308594e+00
4.400125980377197266e+00
3.392632961273193359e+00
6.333085894584655762e-01
8.086802363395690918e-01
4.449279308319091797e-01
3.384044170379638672e+00
7.154012322425842285e-01
4.254405021667480469e+00
4.555288255214691162e-01
4.469900608062744141e+00
8.894040584564208984e-01
1.951285600662231445e+00
9.746767282485961914e-01
2.755627870559692383e+00
1.058501601219177246e+00
5.442240238189697266e-01
7.753021121025085449e-01
1.390705108642578125e+00
1.765170574188232422e+00
1.061145424842834473e+00
3.161980628967285156e+00
3.673246383666992188e+00
4.081315040588378906e+00
8.125616312026977539e-01
1.612589716911315918e+00
1.430741071701049805e+00
1.885759711265563965e+00
3.694072663784027100e-01
2.710970401763916016e+00
3.954554080963134766e+00
7.528551816940307617e-01
1.566318511962890625e+00
3.760051727294921875e+00
1.434892892837524414e+00
2.047636508941650391e+00
1.597788333892822266e+00
3.948391199111938477e+00
1.604460239410400391e+00
4.245172977447509766e+00
3.765934467315673828e+00
9.057211279869079590e-01
1.174022793769836426e+00
3.772463560104370117e+00
3.674071311950683594e+00
4.632671356201171875e+00
3.647438049316406250e+00
4.285345554351806641e+00
4.288056850433349609e+00
8.208882808685302734e-01
8.004345297813415527e-01
3.200336933135986328e+00
4.668542861938476562e+00
1.046168684959411621e+00
8.382222652435302734e-01
2.810424089431762695e+00
1.553060770034790039e+00
1.594185829162597656e+00
1.483749270439147949e+00
5.674755573272705078e-01
1.224164128303527832e+00
1.277569651603698730e+00
4.416108131408691406e-01
6.313678026199340820e-01
1.027817487716674805e+00
6.155636310577392578e-01
2.393905639648437500e+00
1.652213454246520996e+00
3.220753669738769531e+00
3.889224052429199219e+00
1.686405897140502930e+00
4.663156032562255859e+00
1.003858089447021484e+00
1.700197577476501465e+00
1.489535927772521973e+00
2.315963983535766602e+00
1.414619088172912598e+00
1.854113698005676270e+00
1.702136278152465820e+00
3.486380577087402344e+00
1.324051618576049805e+00
4.489720821380615234e+00
3.526124238967895508e+00
1.466445803642272949e+00
1.629549741744995117e+00
1.794025659561157227e+00
1.387850522994995117e+00
2.923387050628662109e+00
3.882689952850341797e+00
1.385577797889709473e+00
9.612467288970947266e-01
2.448999881744384766e+00
2.352333068847656250e+00
1.504801988601684570e+00
2.083497524261474609e+00
3.510302782058715820e+00
2.079107999801635742e+00
1.929143548011779785e+00
3.278146982192993164e-01
1.548769116401672363e+00
4.128855228424072266e+00
1.464746594429016113e+00
5.791989564895629883e-01
1.348739743232727051e+00
1.802442908287048340e+00
1.731407165527343750e+00
7.165671586990356445e-01
1.569156765937805176e+00
4.178608894348144531e+00
9.005631208419799805e-01
1.254904985427856445e+00
2.149188756942749023e+00
2.911665439605712891e+00
6.887061595916748047e-01
3.440236091613769531e+00
1.835942029953002930e+00
3.249886274337768555e+00
3.998981237411499023e+00
1.960290908813476562e+00
1.963400244712829590e+00
8.323743343353271484e-01
3.702201843261718750e+00
8.494331836700439453e-01
1.099871873855590820e+00
4.370658874511718750e+00
3.822104215621948242e+00
1.578828930854797363e+00
1.678247928619384766e+00
-4.398812651634216309e-01
-7.578085660934448242e-01
-1.096214771270751953e+00
-1.053503155708312988e-02
1.317349076271057129e+00
4.031008243560791016e+00
-1.504691004753112793e+00
3.655951976776123047e+00
1.349216222763061523e+00
1.296827316284179688e+00
5.657911300659179688e-03
1.327464342117309570e+00
-7.233686447143554688e-01
-7.129231691360473633e-01
3.201819896697998047e+00
1.101614713668823242e+00
-1.285072207450866699e+00
1.284518599510192871e+00
-6.169251799583435059e-01
1.445931196212768555e+00
-1.480849504470825195e+00
3.214729309082031250e+00
3.452397823333740234e+00
-1.157884240150451660e+00
3.595593452453613281e+00
-1.372855424880981445e+00
-6.803346872329711914e-01
-2.416775226593017578e-01
-7.365210056304931641e-01
-2.604134678840637207e-01
1.667752504348754883e+00
3.690209388732910156e+00
-1.535579681396484375e+00
-3.960367143154144287e-01
3.772533416748046875e+00
-3.937481343746185303e-01
-9.097110033035278320e-01
3.638655662536621094e+00
8.022034764289855957e-01
-6.541393399238586426e-01
7.784840464591979980e-01
2.715978026390075684e-01
-5.288069248199462891e-01
-1.768578052520751953e+00
2.245539188385009766e+00
-1.367836236953735352e+00
2.121330261230468750e+00
1.385992646217346191e+00
-2.585775256156921387e-01
-1.049591422080993652e+00
5.845949053764343262e-02
-5.096405148506164551e-01
-8.752346038818359375e-03
1.774388551712036133e+00
5.788499712944030762e-01
-1.707767248153686523e-01
6.555107235908508301e-01
-1.033394932746887207e+00
-4.473244547843933105e-01
-1.584760904312133789e+00
-7.306015491485595703e-02
-2.508355081081390381e-01
-6.278074979782104492e-01
6.861332654953002930e-01
-4.912987053394317627e-01
2.920592784881591797e+00
3.132911324501037598e-01
2.775569260120391846e-01
1.272718191146850586e+00
3.362752914428710938e+00
1.151822328567504883e+00
-2.673291862010955811e-01
-5.413985252380371094e-01
1.524560332298278809e+00
-7.756562232971191406e-01
-3.099760413169860840e-01
-9.456309676170349121e-01
-1.101690888404846191e+00
-3.626398742198944092e-01
-2.569867134094238281e+00
4.437328338623046875e+00
-9.123195409774780273e-01
-8.631440997123718262e-01
-6.211264729499816895e-01
1.632463932037353516e+00
-7.396452426910400391e-01
1.602000832557678223e+00
-1.922091096639633179e-01
1.167050600051879883e+00
1.202508449554443359e+00
-3.297873735427856445e-01
2.263550996780395508e+00
1.245398521423339844e+00
-7.439065575599670410e-01
1.113003373146057129e+00
-1.514426171779632568e-01
-8.534710407257080078e-01
1.439517974853515625e+00
-2.102304697036743164e+00
1.543304681777954102e+00
-1.116458326578140259e-02
-3.054541051387786865e-01
-3.223299086093902588e-01
-2.044659852981567383e+00
-1.514755368232727051e+00
-6.892587542533874512e-01
5.810291767120361328e-01
-3.545162916183471680e+00
-1.257913708686828613e+00
-6.054903864860534668e-01
1.484038710594177246e+00
-3.870125293731689453e+00
-2.117725610733032227e-01
-4.184042513370513916e-01
7.339324951171875000e-01
-1.124605834484100342e-01
1.328729033470153809e+00
-1.585465550422668457e+00
3.603684186935424805e+00
1.648122787475585938e+00
1.188660860061645508e+00
3.755187988281250000e+00
-7.150327563285827637e-01
1.593184947967529297e+00
1.138026595115661621e+00
-5.263317227363586426e-01
-2.674119949340820312e+00
-1.277939438819885254e+00
1.455968141555786133e+00
1.458975195884704590e+00
-2.239847898483276367e+00
-4.950116872787475586e-01
8.144089579582214355e-01
3.801715672016143799e-01
3.991246700286865234e+00
1.822521328926086426e+00
1.202895715832710266e-01
-9.089159965515136719e-01
4.480199515819549561e-02
1.763695597648620605e+00
1.106297969818115234e+00
-1.241121172904968262e+00
-1.359825491905212402e+00
1.724856376647949219e+00
-1.131783127784729004e+00
1.234144568443298340e+00
1.169719219207763672e+00
3.634343147277832031e+00
-9.775094389915466309e-01
-1.025714278221130371e+00
-7.932980060577392578e-01
-1.348958849906921387e+00
1.492450833320617676e+00
-4.280474781990051270e-02
-5.973035097122192383e-01
2.861957073211669922e+00
4.157193183898925781e+00
-2.145930767059326172e+00
-8.724253773689270020e-01
-4.981137514114379883e-01
-4.735602736473083496e-01
1.721414804458618164e+00
-5.796244144439697266e-01
-5.340772271156311035e-01
1.215111970901489258e+00
-1.936094760894775391e+00
1.294569373130798340e+00
3.770986199378967285e-01
1.419688463211059570e+00
8.336757421493530273e-01
1.318753600120544434e+00
1.297605752944946289e+00
1.090902924537658691e+00
-1.658495426177978516e+00
-1.700399875640869141e+00
-7.921076416969299316e-01
1.735867381095886230e+00
2.358994245529174805e+00
-6.589059233665466309e-01
-2.972429394721984863e-01
-4.301865398883819580e-01
-5.666694045066833496e-01
-3.194624781608581543e-01
1.481642842292785645e+00
2.030525922775268555e+00
1.325533628463745117e+00
4.158313274383544922e+00
2.034902334213256836e+00
1.390503168106079102e+00
-8.484441637992858887e-01
-6.015787720680236816e-01
-8.449107408523559570e-01
1.349893450736999512e+00
1.715875506401062012e+00
6.715365648269653320e-01
-9.162254333496093750e-01
2.811181247234344482e-01
8.000355362892150879e-01
-5.014498233795166016e-01
1.098112225532531738e+00
-7.361404895782470703e-01
1.907016873359680176e+00
-7.023059725761413574e-01
-6.809170246124267578e-01
-3.193891644477844238e-01
6.758943200111389160e-01
-2.038364648818969727e+00
-1.254266023635864258e+00
4.141769886016845703e+00
-9.116470813751220703e-01
4.126481056213378906e+00
1.006338715553283691e+00
1.845394253730773926e+00
-2.960903644561767578e+00
-5.561307072639465332e-01
3.855063438415527344e+00
-5.272423028945922852e-01
-1.045957922935485840e+00
-1.177297115325927734e+00
1.691739916801452637e+00
-5.178846716880798340e-01
-1.464989423751831055e+00
2.648015975952148438e+00
-3.316411375999450684e-01
4.084525585174560547e+00
1.310897231101989746e+00
-1.380252838134765625e-01
-3.231868147850036621e-01
2.214065313339233398e+00
-5.750258564949035645e-01
-2.235792160034179688e+00
-6.402693688869476318e-02
1.919929385185241699e-01
-1.219603061676025391e+00
-2.370677888393402100e-02
1.405201673507690430e+00
2.359238266944885254e-02
-1.359292745590209961e+00
3.466609477996826172e+00
9.987820982933044434e-01
4.308506965637207031e+00
2.425531864166259766e+00
-1.177386641502380371e+00
1.079220533370971680e+00
-8.001586198806762695e-01
9.976559877395629883e-01
-6.792559623718261719e-01
-2.234410643577575684e-01
1.408588647842407227e+00
7.905179262161254883e-01
1.400871992111206055e+00
-2.108167707920074463e-01
8.828091621398925781e-02
3.831554412841796875e+00
-5.292448997497558594e-01
1.591471195220947266e+00
-3.845583498477935791e-01
-4.982336759567260742e-01
4.209870338439941406e+00
-1.662852525711059570e+00
-6.590451598167419434e-01
1.463266253471374512e+00
1.655193090438842773e+00
-3.643727898597717285e-01
-1.018217206001281738e+00
1.526222229003906250e+00
3.519573807716369629e-02
1.379236936569213867e+00
1.547240853309631348e+00
7.153816223144531250e-01
-7.626234889030456543e-01
-1.278112530708312988e+00
4.043227672576904297e+00
1.279865264892578125e+00
1.889323472976684570e+00
-1.141846656799316406e+00
-2.120784521102905273e+00
4.526060104370117188e+00
9.911706447601318359e-01
2.049853801727294922e+00
-1.492158174514770508e+00
-7.733240127563476562e-01
1.272576928138732910e+00
4.679780483245849609e+00
1.475718379020690918e+00
-6.191589236259460449e-01
-5.619683265686035156e-01
-4.487799406051635742e-01
1.151715278625488281e+00
1.683092355728149414e+00
1.321854710578918457e+00
1.506039619445800781e+00
1.377888083457946777e+00
4.065499782562255859e+00
-1.179486155509948730e+00
-7.975656986236572266e-01
1.166459798812866211e+00
-3.209857463836669922e+00
8.703309893608093262e-01
1.468309879302978516e+00
3.627115249633789062e+00
1.739479184150695801e+00
-3.825943171977996826e-02
-4.164814949035644531e-01
4.405942916870117188e+00
1.214483261108398438e+00
-3.441205978393554688e+00
-5.543025732040405273e-01
1.372750282287597656e+00
-3.929617702960968018e-01
-4.652593731880187988e-01
1.099149346351623535e+00
-4.967399537563323975e-01
1.551016092300415039e+00
1.869395732879638672e+00
4.324514389038085938e+00
-1.175837159156799316e+00
3.915932416915893555e+00
4.186977386474609375e+00
7.844595909118652344e-01
-2.821372151374816895e-01
-6.979186534881591797e-01
-1.980105638504028320e+00
1.735924482345581055e+00
4.135037899017333984e+00
-1.030609607696533203e-01
1.238108396530151367e+00
9.757892489433288574e-01
-3.221110820770263672e+00
-4.797857999801635742e-02
8.876749873161315918e-01
-6.459929347038269043e-01
-2.149758934974670410e-01
-6.132481694221496582e-01
4.256011486053466797e+00
-2.840267717838287354e-01
1.588107347488403320e+00
3.013163089752197266e+00
4.358340263366699219e+00
1.323158442974090576e-01
-1.182673215866088867e+00
1.141100883483886719e+00
-5.005210041999816895e-01
-2.611286640167236328e-01
1.583426356315612793e+00
1.737310409545898438e+00
-1.131885766983032227e+00
-6.935261487960815430e-01
-4.549457132816314697e-01
6.102528572082519531e-01
1.235913753509521484e+00
-4.725756645202636719e-01
1.732440114021301270e+00
-1.527847945690155029e-01
1.125769734382629395e+00
4.003647327423095703e+00
-4.807047247886657715e-01
-1.594684123992919922e-01
-4.950846731662750244e-01
-9.834172725677490234e-01
-3.415177166461944580e-01
-1.734326183795928955e-01
3.878433704376220703e+00
1.333636999130249023e+00
2.026031970977783203e+00
4.774719476699829102e-02
-8.484665155410766602e-01
-1.365316867828369141e+00
8.528472185134887695e-01
-2.652150392532348633e-02
-3.114289939403533936e-01
1.068206906318664551e+00
1.482585549354553223e+00
1.309453845024108887e+00
-2.858089447021484375e+00
-3.257046639919281006e-01
1.317045569419860840e+00
1.792967081069946289e+00
-5.643340945243835449e-01
5.364353060722351074e-01
-3.118199706077575684e-01
-4.727654457092285156e-01
-2.159372329711914062e+00
-2.478556394577026367e+00
-8.409172296524047852e-01
-3.561886847019195557e-01
7.105321884155273438e-01
-9.532590508460998535e-01
-6.457444429397583008e-01
2.137034833431243896e-01
1.608412742614746094e+00
-8.975411057472229004e-01
3.126754045486450195e+00
1.331262826919555664e+00
-6.933280229568481445e-01
9.487140178680419922e-01
-7.311450242996215820e-01
-1.241696596145629883e+00
2.959878146648406982e-01
-6.704996228218078613e-01
7.431470751762390137e-01
2.291555255651473999e-01
-7.089370489120483398e-01
8.924074769020080566e-01
6.170784235000610352e-01
2.193743705749511719e+00
-4.647713899612426758e-01
2.511855125427246094e+00
5.442693829536437988e-01
8.598961234092712402e-01
-1.028555274009704590e+00
-5.868978500366210938e-01
1.167095422744750977e+00
1.930889248847961426e+00
1.693735837936401367e+00
-8.557568192481994629e-01
2.856197118759155273e+00
-6.832194924354553223e-01
1.415177941322326660e+00
1.427695155143737793e+00
2.664200663566589355e-01
3.845179677009582520e-01
-1.357965588569641113e+00
-7.367132902145385742e-01
-5.877485275268554688e-01
-4.613835811614990234e-01
1.012554168701171875e+00
-1.644797325134277344e+00
4.474882602691650391e+00
1.089131593704223633e+00
-9.548914432525634766e-01
3.086375296115875244e-01
1.551123499870300293e+00
1.536447763442993164e+00
6.834034919738769531e-01
1.091150999069213867e+00
-1.628309488296508789e+00
-1.655142307281494141e+00
-6.908971071243286133e-02
-5.387747883796691895e-01
-3.440454602241516113e-02
-6.462784409523010254e-01
-1.947265028953552246e+00
-5.813372135162353516e-01
1.669736385345458984e+00
-5.711998939514160156e-01
-6.169810891151428223e-03
-1.160902619361877441e+00
-1.583615779876708984e+00
-1.142727136611938477e+00
-9.327121973037719727e-01
-1.276079297065734863e+00
-1.337881684303283691e+00
-1.132834434509277344e+00
-2.146956205368041992e+00
4.013086557388305664e-01
3.260641992092132568e-01
1.335248112678527832e+00
4.558200836181640625e+00
-9.611936211585998535e-01
-6.188259720802307129e-01
-3.018432140350341797e+00
4.149938583374023438e+00
4.579573869705200195e-01
2.094862699508666992e+00
1.193327307701110840e+00
-7.150285243988037109e-01
2.285101890563964844e+00
-1.017497777938842773e-01
3.377786397933959961e+00
-1.033624887466430664e+00
-1.671816229820251465e+00
-6.469771862030029297e-01
-5.301331877708435059e-01
-6.190295219421386719e-01
3.081698417663574219e+00
-2.515032887458801270e-01
-3.762595057487487793e-01
4.768588066101074219e+00
1.422561407089233398e+00
-1.028405666351318359e+00
-6.145647764205932617e-01
-2.495066523551940918e-01
-3.677258253097534180e+00
-2.902643680572509766e+00
-1.015194892883300781e+00
-4.582728743553161621e-01
-3.504145622253417969e+00
3.484941244125366211e+00
-2.538887262344360352e-01
-5.505418777465820312e-01
3.677562236785888672e+00
1.227044224739074707e+00
-7.668744921684265137e-01
-4.192711114883422852e-01
7.551813125610351562e-01
1.291960954666137695e+00
5.112473368644714355e-01
-8.189010620117187500e-01
-7.926735877990722656e-01
-2.094284772872924805e+00
-2.527787446975708008e+00
-5.163806676864624023e-01
-8.961866497993469238e-01
1.148704051971435547e+00
-1.098596215248107910e+00
-1.217647194862365723e+00
-1.602033734321594238e+00
-1.873518705368041992e+00
-1.222165584564208984e+00
-2.263877987861633301e-01
4.509331703186035156e+00
-5.386110544204711914e-01
1.234621167182922363e+00
-5.862027406692504883e-01
1.189803123474121094e+00
-1.430392980575561523e+00
-7.594436407089233398e-01
4.234839439392089844e+00
-4.475132822990417480e-01
3.991099834442138672e+00
-2.529774665832519531e+00
5.658624649047851562e+00
-2.956644535064697266e+00
-6.369705200195312500e-01
-9.194853901863098145e-02
4.472566604614257812e+00
-1.408271431922912598e+00
-2.049084424972534180e+00
3.426867723464965820e+00
2.416537284851074219e+00
-3.563209176063537598e-01
1.582562923431396484e-01
2.855993807315826416e-02
1.730539321899414062e+00
-3.200900554656982422e+00
1.307657957077026367e+00
-6.281923055648803711e-01
-1.509695887565612793e+00
1.199667334556579590e+00
-2.345708310604095459e-01
1.331993579864501953e+00
1.772964715957641602e+00
-1.889394044876098633e+00
4.065555572509765625e+00
-5.823605656623840332e-01
1.101233839988708496e+00
1.155926883220672607e-01
-3.982055187225341797e-01
1.859213352203369141e+00
4.840842783451080322e-01
1.252880096435546875e+00
-6.534300446510314941e-01
9.938241839408874512e-01
-2.742494344711303711e-01
-5.451948642730712891e-01
3.896549463272094727e+00
8.118948340415954590e-01
-8.378093242645263672e-01
1.551805138587951660e+00
-5.912121534347534180e-01
-2.176871299743652344e+00
-2.577179968357086182e-01
1.118442058563232422e+00
1.732314348220825195e+00
2.019518166780471802e-01
-1.309320926666259766e+00
3.626044750213623047e+00
-2.238781929016113281e+00
-4.547272920608520508e-01
1.288128495216369629e+00
3.394974470138549805e+00
1.768400907516479492e+00
1.389990091323852539e+00
1.634964704513549805e+00
2.455437898635864258e+00
1.493556380271911621e+00
-7.262219786643981934e-01
6.638295650482177734e-01
-1.023729681968688965e+00
1.392574667930603027e+00
3.911077976226806641e-03
-5.596970319747924805e-01
3.997398138046264648e+00
-7.204055786132812500e-03
3.217142343521118164e+00
5.800804495811462402e-02
1.335721731185913086e+00
9.534363150596618652e-01
-9.646331071853637695e-01
-8.466998934745788574e-01
1.149821162223815918e+00
4.647468566894531250e+00
1.606174349784851074e+00
1.930462598800659180e+00
1.182243347167968750e+00
1.101272225379943848e+00
-5.045457482337951660e-01
1.166275262832641602e+00
4.033827781677246094e+00
-4.132078588008880615e-01
-8.576427102088928223e-01
-1.910223007202148438e+00
-8.851662278175354004e-01
1.701666712760925293e+00
4.798471927642822266e-03
-8.196970820426940918e-02
3.796251296997070312e+00
7.068157792091369629e-01
-9.691451191902160645e-01
-2.480173110961914062e+00
6.818085908889770508e-01
-3.802593946456909180e-01
4.246782302856445312e+00
1.216636538505554199e+00
-1.051563382148742676e+00
-5.757595896720886230e-01
-7.616388201713562012e-01
2.045208454132080078e+00
-2.543602705001831055e+00
1.577422022819519043e-02
-1.634064078330993652e+00
-6.728844046592712402e-01
1.941518783569335938e+00
-7.724193334579467773e-01
-2.990402698516845703e+00
-4.285235404968261719e-01
1.305867314338684082e+00
1.508579730987548828e+00
-4.532967805862426758e-01
-1.031940102577209473e+00
-7.562150955200195312e-01
1.142697572708129883e+00
1.953777432441711426e+00
4.564495086669921875e+00
-1.876394748687744141e-01
1.342188358306884766e+00
1.692978620529174805e+00
2.644127309322357178e-01
1.265042304992675781e+00
-3.433839976787567139e-01
9.380223155021667480e-01
-2.584455013275146484e-01
3.851257324218750000e+00
-7.589108943939208984e-01
1.462852358818054199e+00
-8.525651693344116211e-01
-3.012453317642211914e-01
5.528074502944946289e-01
-1.438123464584350586e+00
-8.235058188438415527e-01
-2.394090652465820312e+00
-2.845678567886352539e+00
-2.636770486831665039e+00
-2.161325454711914062e+00
-2.664330959320068359e+00
-2.191409111022949219e+00
-1.778282165527343750e+00
-3.398471832275390625e+00
-3.069842815399169922e+00
-2.425671815872192383e+00
-2.559794902801513672e+00
-1.698273777961730957e+00
-3.196861743927001953e+00
-1.959811687469482422e+00
-2.556444168090820312e+00
-2.902886867523193359e+00
-2.003734111785888672e+00
-2.742465257644653320e+00
-2.740622758865356445e+00
-2.651185512542724609e+00
-2.787548542022705078e+00
-3.148206710815429688e+00
-2.888747215270996094e+00
-2.531804800033569336e+00
-2.575083494186401367e+00
-2.780181884765625000e+00
-2.588596343994140625e+00
-1.892682909965515137e+00
-2.910107612609863281e+00
-2.456208229064941406e+00
-3.147940635681152344e+00
-2.514234304428100586e+00
-2.401550292968750000e+00
-2.090318202972412109e+00
-2.581983327865600586e+00
-3.403100490570068359e+00
-2.307630062103271484e+00
-3.069807529449462891e+00
-2.415627956390380859e+00
-2.842733860015869141e+00
-1.838894128799438477e+00
-2.549402713775634766e+00
-1.406504392623901367e+00
-2.816356658935546875e+00
-2.369987964630126953e+00
-3.135763168334960938e+00
-3.174441099166870117e+00
-2.066249847412109375e+00
-2.153297424316406250e+00
-1.963829636573791504e+00
-2.110991954803466797e+00
-1.145094037055969238e+00
-2.871964931488037109e+00
-2.452339649200439453e+00
-2.846512317657470703e+00
-2.077610015869140625e+00
-2.969133377075195312e+00
-1.694227933883666992e+00
-2.381504535675048828e+00
-1.978107213973999023e+00
-2.225525379180908203e+00
-2.455939769744873047e+00
-2.218348264694213867e+00
-2.134640455245971680e+00
-1.641037344932556152e+00
-3.453797817230224609e+00
-2.381865024566650391e+00
-2.290886878967285156e+00
-2.523995399475097656e+00
2.687175750732421875e+00
-1.920133471488952637e+00
-1.985351562500000000e+00
-2.312297344207763672e+00
-2.846364498138427734e+00
-3.121443271636962891e+00
-9.085172414779663086e-01
-1.909878730773925781e+00
-2.103662490844726562e+00
-2.624463319778442383e+00
-2.353746891021728516e+00
-3.037675857543945312e+00
1.830883264541625977e+00
-2.139371156692504883e+00
-2.195881605148315430e+00
-1.127515435218811035e-01
-3.003383874893188477e+00
-2.393693685531616211e+00
-2.736032247543334961e+00
-2.190202951431274414e+00
-2.605459690093994141e+00
-1.870466709136962891e+00
-3.212121963500976562e+00
-3.315311670303344727e+00
1.080361843109130859e+00
-2.200151920318603516e+00
-2.052897930145263672e+00
-3.129894256591796875e+00
-2.158725500106811523e+00
-2.974666118621826172e+00
-2.536921024322509766e+00
-2.427083730697631836e+00
-2.765823841094970703e+00
-3.004727602005004883e+00
1.676865696907043457e+00
4.459428787231445312e+00
-2.133313179016113281e+00
-2.458545207977294922e+00
-2.653810262680053711e+00
-2.793619155883789062e+00
-1.767613530158996582e+00
-2.959650993347167969e+00
-2.458136320114135742e+00
-2.767432689666748047e+00
-2.623752593994140625e+00
-3.168928623199462891e+00
-1.137362360954284668e+00
-1.288106560707092285e+00
-8.697044253349304199e-01
-2.283229827880859375e+00
-2.111702442169189453e+00
-2.500458240509033203e+00
-1.845363020896911621e+00
2.433754205703735352e+00
-1.603155851364135742e+00
3.900270938873291016e+00
-2.092869281768798828e+00
-2.532685279846191406e+00
-2.392752647399902344e+00
2.073268413543701172e+00
1.579223632812500000e+00
-2.428133487701416016e+00
-2.713426589965820312e+00
4.726500034332275391e+00
-2.997826576232910156e+00
-3.310338020324707031e+00
8.136039376258850098e-01
-1.321995735168457031e+00
-2.526113986968994141e+00
-1.216542959213256836e+00
-1.720664143562316895e+00
-3.715128660202026367e+00
-1.600217938423156738e+00
2.194186747074127197e-01
-3.608415842056274414e+00
-7.352778315544128418e-01
-8.687967061996459961e-01
-1.468829035758972168e+00
-1.169939160346984863e+00
-9.869933128356933594e-01
-2.882061481475830078e+00
-1.284180164337158203e+00
-2.823740720748901367e+00
-1.822875261306762695e+00
-1.379075765609741211e+00
-1.550662875175476074e+00
-1.145131826400756836e+00
-3.862732887268066406e+00
2.858178377151489258e+00
-1.472308754920959473e+00
-1.551248550415039062e+00
-1.534538507461547852e+00
-2.268499135971069336e+00
-2.346773862838745117e+00
-5.497240424156188965e-01
-2.360432386398315430e+00
-1.357662558555603027e+00
-1.339048504829406738e+00
-2.323288917541503906e+00
-1.814183950424194336e+00
-2.682304859161376953e+00
-2.033236265182495117e+00
-6.461940407752990723e-01
-1.524873495101928711e+00
-2.944972991943359375e+00
-2.527973175048828125e+00
-2.902532577514648438e+00
-2.008385658264160156e+00
-2.505596637725830078e+00
-2.607332468032836914e+00
-2.048634529113769531e+00
-2.990830183029174805e+00
-1.575892925262451172e+00
-2.285171508789062500e+00
-2.815253973007202148e+00
-2.102787494659423828e+00
-1.977648735046386719e+00
-3.252705335617065430e+00
-1.143947243690490723e+00
-1.332722902297973633e+00
-2.992592573165893555e+00
-1.303938984870910645e+00
-2.539598226547241211e+00
-1.392582893371582031e+00
-3.014849901199340820e+00
-1.856756448745727539e+00
-6.542911529541015625e-01
-2.754625082015991211e+00
-3.343762636184692383e+00
-2.081883668899536133e+00
-9.709186553955078125e-01
-2.875492572784423828e+00
-4.415458142757415771e-01
-7.689796686172485352e-01
-1.501793384552001953e+00
-2.235724210739135742e+00
-1.743209838867187500e+00
-2.837626457214355469e+00
-1.066865921020507812e+00
-1.920070528984069824e+00
-3.505995273590087891e+00
-7.327975630760192871e-01
-1.046286702156066895e+00
-2.693655014038085938e+00
-3.359727144241333008e+00
-7.971858978271484375e-01
-2.244471073150634766e+00
-2.554687261581420898e+00
-2.436713933944702148e+00
-1.179957985877990723e+00
-1.517043948173522949e+00
-1.498374938964843750e+00
-7.155976295471191406e-01
-2.228379249572753906e+00
-3.386366367340087891e+00
-1.974974513053894043e+00
-2.029493093490600586e+00
-1.685976147651672363e+00
-2.508470058441162109e+00
-1.357511997222900391e+00
-2.662835597991943359e+00
-2.409785509109497070e+00
-2.534296035766601562e+00
-7.255295515060424805e-01
-1.720814108848571777e+00
-3.122745990753173828e+00
-1.203109979629516602e+00
-3.014672756195068359e+00
-2.343236207962036133e+00
-1.310244560241699219e+00
-1.410977005958557129e+00
-2.916242599487304688e+00
-1.799214005470275879e+00
-1.908963918685913086e+00
-1.714724898338317871e+00
-1.705018520355224609e+00
-3.317667961120605469e+00
-2.243666648864746094e+00
-2.663139581680297852e+00
5.515985965728759766e+00
-3.175211429595947266e+00
-2.966683387756347656e+00
1.109845042228698730e+00
-2.002249717712402344e+00
-2.932573795318603516e+00
-2.548910140991210938e+00
-3.310903072357177734e+00
-2.765183687210083008e+00
-2.363322973251342773e+00
4.851911544799804688e+00
-2.347598314285278320e+00
-2.884135723114013672e+00
-2.062455654144287109e+00
-2.553992509841918945e+00
-2.275330543518066406e+00
-1.930292844772338867e+00
-1.897227764129638672e+00
-2.891770362854003906e+00
-3.038756847381591797e+00
-3.140805006027221680e+00
-4.723378419876098633e-01
-2.854663372039794922e+00
-2.588101148605346680e+00
-2.275110721588134766e+00
5.780646204948425293e-01
-3.436190605163574219e+00
5.376119136810302734e+00
-2.138151884078979492e+00
-3.001431226730346680e+00
-1.906659245491027832e+00
-2.224879741668701172e+00
-2.264877557754516602e+00
-2.554764270782470703e+00
-2.910837650299072266e+00
-2.396244287490844727e+00
-2.196943044662475586e+00
-1.510266780853271484e+00
-2.722064971923828125e+00
-3.330469608306884766e+00
-2.739336490631103516e+00
-3.021460056304931641e+00
-2.344160795211791992e+00
-3.361172676086425781e+00
-1.979520201683044434e+00
-2.465568542480468750e+00
-2.550997257232666016e+00
-1.832015991210937500e+00
-2.846117496490478516e+00
-1.610390305519104004e+00
-2.068078041076660156e+00
-2.011146068572998047e+00
-2.713942527770996094e+00
7.414311766624450684e-01
-3.029408216476440430e+00
-1.996166825294494629e+00
-2.538165807723999023e+00
-1.760372996330261230e+00
-2.395304679870605469e+00
4.013893127441406250e+00
-2.388377189636230469e+00
-3.245553255081176758e+00
-2.456544637680053711e+00
-1.988482475280761719e+00
-3.229145050048828125e+00
-3.126599788665771484e+00
-2.251658439636230469e+00
-2.680801153182983398e+00
-2.107741117477416992e+00
-1.938158035278320312e+00
-2.240768432617187500e+00
-2.235708236694335938e+00
